xcell_type	gene_id	gene_name	num_var	variant_id	pval_nominal	num_eigenmt_tests	pval_eigenmt	qval	pval_nominal_threshold	tss_distance	ma_samples	ma_count	maf	slope	slope_se
Neutrophils	ENSG00000167528.12	ZNF641	7740	chr12_48267809_C_T	1.13E-37	1249	1.42E-34	2.36E-30	4.00E-05	-83605	2.45E+02	276	2.25E-01	0.271419	0.0195181
Neutrophils	ENSG00000197930.13	ERO1A	8718	chr14_52697146_G_C	1.82E-27	1343	2.45E-24	2.04E-20	3.72E-05	1246	1.92E+02	207	1.69E-01	-0.294035	0.0255664
Neutrophils	ENSG00000180776.15	ZDHHC20	9715	chr13_21455211_G_A	4.80E-24	2055	9.87E-21	5.49E-17	2.43E-05	-4159	1.43E+02	155	1.26E-01	0.380692	0.0358116
Neutrophils	ENSG00000167207.13	NOD2	7260	chr16_50689163_C_T	3.27E-21	1563	5.12E-18	2.14E-14	3.20E-05	-4425	3.52E+02	422	3.44E-01	-0.230564	0.0233507
Th2.cells	ENSG00000135828.11	RNASEL	7565	chr1_182372881_T_C	2.17E-19	1092	2.37E-16	3.96E-12	4.58E-05	-216375	36	37	0.0301303	-0.738025	0.0787916
Neutrophils	ENSG00000234426.3		7950	chr6_88443758_C_T	3.67E-19	1299	4.76E-16	1.59E-12	3.85E-05	830	2.74E+02	307	2.50E-01	-0.288933	0.0310613
Neutrophils	ENSG00000131238.17	PPT1	6500	chr1_40093535_C_T	3.48E-18	1094	3.80E-15	1.06E-11	4.57E-05	-4192	3.76E+02	467	3.80E-01	0.214813	0.0238136
Platelets	ENSG00000249203.2		5942	chr5_44518260_A_G	2.16E-17	604	1.30E-14	2.18E-10	8.28E-05	-140309	419	543	0.442182	0.263521	0.0299877
Neutrophils	ENSG00000172322.14	CLEC12A	9712	chr12_9965265_T_C	2.18E-17	1476	3.22E-14	7.68E-11	3.39E-05	13949	3.92E+02	478	3.89E-01	0.151902	0.0172885
CLP	ENSG00000167528.12	ZNF641	7826	chr12_48267809_C_T	2.58E-17	1277	3.30E-14	5.51E-10	3.92E-05	-83605	245	276	0.224756	-0.173406	0.0197852
Neutrophils	ENSG00000188647.13	PTAR1	7127	chr9_69741513_G_C	6.09E-17	1119	6.82E-14	1.42E-10	4.47E-05	-18498	2.51E+02	291	2.37E-01	-0.158502	0.0183174
Neutrophils	ENSG00000145730.20	PAM	9194	chr5_102782303_C_T	4.13E-16	1112	4.60E-13	8.53E-10	4.50E-05	28322	469	611	4.98E-01	0.226428	0.0269527
Neutrophils	ENSG00000198952.8	SMG5	6478	chr1_156274030_C_T	1.86E-15	1027	1.91E-12	3.19E-09	4.87E-05	-8795	2.69E+02	3.14E+02	2.56E-01	-0.203339	0.0248009
CD8..T.cells	ENSG00000167528.12	ZNF641	7775	chr12_48277208_A_T	5.20E-15	1253	6.51E-12	1.09E-07	3.99E-05	-74206	247	278	0.226384	-0.160825	0.0199567
Neutrophils	ENSG00000100890.16	PRORP	7833	chr14_35132881_T_G	5.56E-15	1340	7.45E-12	1.13E-08	3.73E-05	11035	2.19E+02	238	1.94E-01	0.398187	0.0494679
Monocytes	ENSG00000156738.18	MS4A1	7707	chr11_60962649_G_A	1.92E-14	1137	2.18E-11	3.64E-07	4.40E-05	506803	44	45	0.036645	-0.335503	0.0425875
Neutrophils	ENSG00000136100.14	VPS36	6113	chr13_52433764_G_A	2.99E-14	1001	2.99E-11	4.17E-08	5.00E-05	-16870	1.75E+02	192	1.56E-01	0.265925	0.034025
CLP	ENSG00000107789.16	MINPP1	6501	chr10_87392991_A_T	4.61E-14	1154	5.32E-11	4.44E-07	4.33E-05	-111884	52	56	0.0456026	-0.331116	0.0426989
CD8..T.cells	ENSG00000131238.17	PPT1	6581	chr1_40090130_G_A	4.99E-14	1102	5.49E-11	4.59E-07	4.54E-05	-7597	369	457	0.37215	-0.204308	0.0263846
Eosinophils	ENSG00000066468.23	FGFR2	9491	chr10_121452788_A_G	2.22E-13	1858	4.13E-10	6.90E-06	2.69E-05	-145670	426	525	0.427524	0.282835	0.0375632
Neutrophils	ENSG00000256660.6	CLEC12B	9850	chr12_9965257_C_A	3.06E-13	1494	4.57E-10	5.88E-07	3.35E-05	-45370	3.92E+02	479	3.90E-01	0.176476	0.0235829
Erythrocytes	ENSG00000121390.19	PSPC1	10774	chr13_19684312_G_A	9.78E-13	1707	1.67E-09	1.46E-05	2.93E-05	-98707	369	461	0.375407	0.241818	0.0330676
Neutrophils	ENSG00000164308.17	ERAP2	9048	chr5_96916728_G_A	9.86E-13	1206	1.19E-09	1.42E-06	4.15E-05	40742	4.38E+02	580	4.72E-01	-0.128296	0.0175466
Platelets	ENSG00000132274.16	TRIM22	12092	chr11_5748119_T_G	1.22E-12	2049	2.51E-09	2.09E-05	2.44E-05	58422	58	58	0.0472313	0.361538	0.0496641
B.cells	ENSG00000096696.14	DSP	10383	chr6_7434369_T_C	1.49E-12	1859	2.77E-09	4.24E-05	2.69E-05	-107248	232	267	0.217427	0.289006	0.0398615
Eosinophils	ENSG00000189068.11	VSTM1	13706	chr19_54051696_C_T	1.54E-12	3726	5.72E-09	4.78E-05	1.34E-05	-12257	318	379	0.308632	-0.249626	0.0344505
NK.cells	ENSG00000186141.9	POLR3C	1642	chr1_145482675_C_G	1.89E-12	360	6.81E-10	1.14E-05	0.00013889	-341413	41	42	0.034202	-0.601016	0.0833033
Erythrocytes	ENSG00000241058.4	NSUN6	10765	chr10_18640752_C_A	1.92E-12	1820	3.50E-09	1.46E-05	2.75E-05	-18533	440	570	0.464169	-0.293885	0.0407475
Erythrocytes	ENSG00000122741.16	DCAF10	8667	chr9_37865946_A_G	1.95E-12	1656	3.23E-09	1.46E-05	3.02E-05	65392	315	373	0.303746	-0.211199	0.0292925
Erythrocytes	ENSG00000113593.12	PPWD1	7949	chr5_65668423_G_C	2.09E-12	1060	2.21E-09	1.46E-05	4.72E-05	105184	2.82E+02	322	2.62E-01	0.261072	0.0362604
GMP	ENSG00000164308.17	ERAP2	8935	chr5_96913003_G_T	2.38E-12	1157	2.76E-09	4.61E-05	4.32E-05	37017	441	580	4.72E-01	-0.115502	0.0160862
Neutrophils	ENSG00000154978.13	VOPP1	8542	chr7_55561443_A_G	2.43E-12	1195	2.90E-09	3.23E-06	4.18E-05	-11545	2.17E+02	247	2.01E-01	0.278574	0.0388125
CD8..T.cells	ENSG00000234426.3		7949	chr6_88445240_T_G	2.64E-12	1305	3.44E-09	1.92E-05	3.83E-05	2312	275	308	0.250814	0.235747	0.0329032
B.cells	ENSG00000150625.16	GPM6A	8644	chr4_176018620_G_A	3.71E-12	1370	5.08E-09	4.24E-05	3.65E-05	15956	456	610	0.496743	0.27723	0.0389715
iDC	ENSG00000175582.19	RAB6A	6664	chr11_73673582_A_G	3.97E-12	1023	4.06E-09	5.46E-05	4.89E-05	-87555	5.00E+01	5.00E+01	4.07E-02	0.608978	0.0857308
Neutrophils	ENSG00000156738.18	MS4A1	7604	chr11_60962649_G_A	4.25E-12	1153	4.90E-09	5.12E-06	4.34E-05	506803	4.40E+01	45	3.66E-02	-0.278605	0.0392795
CD4..T.cells	ENSG00000139644.13	TMBIM6	6197	chr12_49039632_G_A	4.69E-12	989	4.64E-09	7.75E-05	5.06E-05	-668093	42	44	0.0358306	0.254892	0.036012
Platelets	ENSG00000250334.6	LINC00989	8096	chr4_79502258_TATC_T	4.97E-12	1133	5.63E-09	3.14E-05	4.41E-05	10456	156	169	0.137622	-0.222087	0.0314164
Neutrophils	ENSG00000174837.15	ADGRE1	10548	chr19_6877099_T_C	5.15E-12	2366	1.22E-08	1.20E-05	2.11E-05	-10467	3.82E+02	474	3.86E-01	0.239493	0.0339043
Erythrocytes	ENSG00000100227.18	POLDIP3	9019	chr22_43219224_A_G	5.16E-12	1759	9.08E-09	3.03E-05	2.84E-05	604262	47	48	0.0390879	0.517451	0.073257
iDC	ENSG00000162909.18	CAPN2	7627	chr1_224065495_T_C	5.72E-12	1142	6.53E-09	5.46E-05	4.38E-05	363902	3.90E+01	4.00E+01	3.26E-02	0.493541	0.0700276
CD8..T.cells	ENSG00000047365.12	ARAP2	10011	chr4_36305496_A_G	5.74E-12	1181	6.78E-09	2.83E-05	4.23E-05	60982	336	407	0.331433	0.139489	0.0197933
Neutrophils	ENSG00000103194.15	USP10	14486	chr16_84775016_T_G	9.76E-12	3802	3.71E-08	3.10E-05	1.32E-05	75038	2.21E+02	243	1.98E-01	-0.25356	0.0363997
Neutrophils	ENSG00000270120.1		7277	chr16_50689163_C_T	1.08E-11	1524	1.64E-08	1.52E-05	3.28E-05	-23681	3.52E+02	422	3.44E-01	-0.224905	0.0323552
CLP	ENSG00000180776.15	ZDHHC20	9744	chr13_21366420_T_C	1.40E-11	2045	2.85E-08	0.0001507	2.44E-05	-92950	141	152	0.123778	-0.236721	0.0342535
Neutrophils	ENSG00000133657.15	ATP13A3	10588	chr3_194534875_G_A	1.40E-11	2405	3.37E-08	2.96E-05	2.08E-05	36511	3.84E+02	476	3.88E-01	0.262802	0.03803
NK.cells	ENSG00000184939.16	ZFP90	5626	chr16_68533266_T_C	1.45E-11	726	1.05E-08	8.81E-05	6.89E-05	3176	266	312	0.254072	0.179139	0.0259443
Monocytes	ENSG00000162909.18	CAPN2	7608	chr1_224471440_G_A	1.54E-11	1129	1.74E-08	0.00014522	4.43E-05	769847	36	36	0.029316	-0.525188	0.0761621
CLP	ENSG00000147416.11	ATP6V1B2	10873	chr8_20173516_G_A	1.62E-11	2221	3.61E-08	0.0001507	2.25E-05	-23865	34	35	0.0285016	0.463273	0.0672643
Erythrocytes	ENSG00000197756.10	RPL37A	8500	chr2_216032222_C_G	1.62E-11	1688	2.73E-08	7.61E-05	2.96E-05	-466622	8.60E+01	88	7.17E-02	0.271343	0.0393942
NK.cells	ENSG00000177239.15	MAN1B1	7939	chr9_137067844_A_G	1.82E-11	1814	3.30E-08	0.00018406	2.76E-05	-19141	34	35	0.0285016	-0.52524	0.0764593
Mast.cells	ENSG00000273295.1		9379	chr22_23924767_A_C	1.88E-11	1890	3.55E-08	0.0005925	2.65E-05	17699	349	420	0.34202	0.157061	0.0228786
Basophils	ENSG00000119318.13	RAD23B	8346	chr9_108192611_C_T	1.97E-11	1591	3.13E-08	0.00052255	3.14E-05	909474	52	56	0.0456026	-0.33142	0.048328
B.cells	ENSG00000265491.5	RNF115	1668	chr1_145879269_A_T	2.12E-11	366	7.77E-09	4.33E-05	0.00013661	55174	56	56	0.0456026	-0.572515	0.0836308
Erythrocytes	ENSG00000134265.13	NAPG	10678	chr18_10519193_C_T	2.36E-11	2380	5.63E-08	9.69E-05	2.10E-05	-6712	240	268	0.218241	0.21225	0.0310811
CMP	ENSG00000167528.12	ZNF641	7795	chr12_48274446_T_C	2.78E-11	1266	3.52E-08	0.00058766	3.95E-05	-76968	246	277	0.22557	0.136515	0.0200648
Erythrocytes	ENSG00000120063.10	GNA13	8118	chr17_65051494_A_T	2.86E-11	1411	4.04E-08	8.80E-05	3.54E-05	-5246	49	53	0.0431596	0.231545	0.0340556
CD4..T.cells	ENSG00000164096.13	C4orf3	8358	chr4_119407322_G_A	3.03E-11	1182	3.58E-08	0.00026279	4.23E-05	102877	47	47	0.0382736	-0.498821	0.0734641
Macrophages	ENSG00000163191.6	S100A11	7972	chr1_151581829_G_A	3.66E-11	1022	3.74E-08	0.00062439	4.89E-05	-466078	33	34	0.0276873	-0.469186	0.0694005
Platelets	ENSG00000184939.16	ZFP90	5751	chr16_68559561_A_AAATT	3.74E-11	752	2.81E-08	0.00011739	6.65E-05	29471	288	351	0.285831	-0.193958	0.0287042
CD4..T.cells	ENSG00000120868.14	APAF1	6987	chr12_98833764_G_A	3.75E-11	1259	4.72E-08	0.00026279	3.97E-05	188474	33	34	0.0276873	0.490625	0.0726134
Erythrocytes	ENSG00000123219.13	CENPK	7949	chr5_65562860_G_C	3.97E-11	1060	4.21E-08	8.80E-05	4.72E-05	-308	4.35E+02	554	4.51E-01	0.10263	0.0152102
B.cells	ENSG00000226777.7	FAM30A	10373	chr14_106185774_C_T	4.43E-11	1889	8.37E-08	0.00034973	2.65E-05	267795	35	36	0.029316	-0.477292	0.0709179
HSC	ENSG00000249203.2		5915	chr5_44518260_A_G	4.78E-11	612	2.93E-08	0.0004892	8.17E-05	-140309	419	543	0.442182	0.208608	0.0310515
Monocytes	ENSG00000026751.17	SLAMF7	7725	chr1_160845714_A_G	5.05E-11	1490	7.53E-08	0.00034358	3.36E-05	106657	42	43	0.0350163	-0.392728	0.0585329
Neutrophils	ENSG00000047365.12	ARAP2	10071	chr4_36310920_G_A	5.32E-11	1192	6.34E-08	5.05E-05	4.19E-05	66406	3.36E+02	405	3.30E-01	-0.132668	0.0197973
CD8..T.cells	ENSG00000197930.13	ERO1A	8617	chr14_52697146_G_C	5.44E-11	1333	7.25E-08	0.00023664	3.75E-05	1246	192	207	0.168567	0.185543	0.0277023
Megakaryocytes	ENSG00000120868.14	APAF1	7137	chr12_97652054_C_T	5.53E-11	1277	7.06E-08	0.00117946	3.92E-05	-993236	40	41	0.0333876	-0.441067	0.0658778
Erythrocytes	ENSG00000180776.15	ZDHHC20	9731	chr13_21433927_T_G	5.88E-11	2063	1.21E-07	0.00016893	2.42E-05	-25443	384	465	0.378664	-0.22579	0.0337736
Erythrocytes	ENSG00000196189.13	SEMA4A	5867	chr1_155428450_A_T	6.19E-11	937	5.80E-08	9.69E-05	5.34E-05	-718916	3.40E+01	35	2.85E-02	0.492992	0.0738307
NK.cells	ENSG00000173442.13	EHBP1L1	6237	chr11_66335336_G_A	6.32E-11	975	6.16E-08	0.00025728	5.13E-05	759290	60	63	0.0513029	0.184298	0.0276142
Monocytes	ENSG00000047365.12	ARAP2	9938	chr4_36305496_A_G	7.05E-11	1167	8.23E-08	0.00034358	4.28E-05	60982	336	407	0.331433	-0.134744	0.0202423
Neutrophils	ENSG00000126883.17	NUP214	7976	chr9_131761511_T_C	7.50E-11	1880	1.41E-07	0.00010708	2.66E-05	635925	4.30E+01	47	3.83E-02	-0.51854	0.0780149
Erythrocytes	ENSG00000055147.19	FAM114A2	7615	chr5_153998038_A_G	8.04E-11	1091	8.77E-08	0.00013328	4.58E-05	-40898	2.93E+02	348	2.83E-01	0.168717	0.0254264
Basophils	ENSG00000063177.13	RPL18	9903	chr19_48608450_T_A	8.10E-11	1909	1.55E-07	0.00086154	2.62E-05	-10731	56	59	0.0480456	0.207135	0.0312218
CD8..T.cells	ENSG00000136100.14	VPS36	6201	chr13_52401549_C_T	8.55E-11	994	8.50E-08	0.00023664	5.03E-05	-49085	120	124	0.100977	-0.336969	0.0508575
iDC	ENSG00000126883.17	NUP214	7975	chr9_131597788_GCC_G	9.12E-11	1882	1.72E-07	0.000956	2.66E-05	472202	4.50E+01	4.70E+01	3.83E-02	0.55434	0.0837956
Neutrophils	ENSG00000172340.14	SUCLG2	9540	chr3_67642347_G_A	1.01E-10	1512	1.53E-07	0.00011117	3.31E-05	-12267	4.30E+01	44	3.58E-02	0.607698	0.0920937
Erythrocytes	ENSG00000122971.9	ACADS	7085	chr12_120720048_A_G	1.21E-10	1131	1.37E-07	0.00017549	4.42E-05	-5778	293	342	0.278502	-0.276636	0.0421038
Basophils	ENSG00000162909.18	CAPN2	7675	chr1_224471440_G_A	1.28E-10	1160	1.49E-07	0.00086154	4.31E-05	769847	36	36	0.029316	0.454946	0.0693457
GMP	ENSG00000116017.11	ARID3A	8611	chr19_919437_G_A	1.47E-10	2723	4.01E-07	0.0020041	1.84E-05	-6344	53	54	4.40E-02	-0.320205	0.0489748
CMP	ENSG00000271383.7	NBPF19	2660	chr1_150025836_C_A	1.75E-10	410	7.16E-08	0.00059808	0.00012195	550498	56	59	0.0480456	0.702819	0.107949
Neutrophils	ENSG00000026751.17	SLAMF7	7649	chr1_160759096_A_G	1.87E-10	1479	2.77E-07	0.00018779	3.38E-05	20039	5.60E+01	59	4.80E-02	0.311065	0.0478615
HSC	ENSG00000178104.19	PDE4DIP	2088	chr1_148326736_A_G	1.89E-10	471	8.88E-08	0.00074202	0.00010616	-481445	48	49	0.0399023	0.571806	0.087995
NK.cells	ENSG00000148019.14	CEP78	8362	chr9_78266372_C_T	1.93E-10	1464	2.82E-07	0.00078493	3.42E-05	30310	71	74	0.0602606	-0.319248	0.0491544
Platelets	ENSG00000048140.18	TSPAN17	6221	chr5_176742344_A_G	2.00E-10	1431	2.87E-07	0.00095836	3.49E-05	94957	38	38	0.0309446	0.575136	0.0886424
Neutrophils	ENSG00000120063.10	GNA13	8146	chr17_65012659_TCAGA_T	2.07E-10	1404	2.91E-07	0.00018779	3.56E-05	-44081	7.20E+01	8.00E+01	6.51E-02	-0.231641	0.0357307
CD4..T.cells	ENSG00000100890.16	PRORP	7770	chr14_35132881_T_G	2.17E-10	1314	2.85E-07	0.00104437	3.81E-05	11035	219	238	0.193811	-0.312333	0.0482356
iDC	ENSG00000066468.23	FGFR2	9488	chr10_121452788_A_G	2.19E-10	1851	4.06E-07	0.00169645	2.70E-05	-145670	4.26E+02	525	4.28E-01	0.248249	0.0383484
Monocytes	ENSG00000070610.14	GBA2	6738	chr9_36000700_G_T	2.38E-10	1051	2.50E-07	0.00083609	4.76E-05	251472	43	47	0.0382736	-0.537887	0.0832615
Macrophages	ENSG00000111261.14	MANSC1	8281	chr12_12284896_G_A	2.39E-10	1904	4.56E-07	0.00380529	2.63E-05	-65346	51	53	0.0431596	0.308323	0.0477324
CD8..T.cells	ENSG00000103479.16	RBL2	8372	chr16_53490035_AG_A	2.41E-10	1657	3.99E-07	0.00095221	3.02E-05	56058	402	506	0.412052	-0.186175	0.0288269
NK.cells	ENSG00000083896.12	YTHDC1	8789	chr4_68650685_A_T	2.41E-10	969	2.33E-07	0.00077978	5.16E-05	300596	43	45	0.036645	-0.31647	0.0490019
CD4..T.cells	ENSG00000135486.18	HNRNPA1	7378	chr12_54527352_C_T	2.47E-10	1267	3.13E-07	0.00104437	3.95E-05	247159	58	59	0.0480456	-0.218579	0.0338651
Erythrocytes	ENSG00000244754.9	N4BP2L2	7957	chr13_32527580_CATCAGAAATAAACT_C	2.47E-10	1320	3.26E-07	0.00034048	3.79E-05	-11305	343	423	0.344463	-0.111432	0.0172651
Erythrocytes	ENSG00000077454.16	LRCH4	6336	chr7_101156850_T_C	2.75E-10	1010	2.78E-07	0.00033178	4.95E-05	570721	4.70E+01	48	3.91E-02	-0.266676	0.0414321
Neutrophils	ENSG00000182606.16	TRAK1	8330	chr3_41748934_G_A	2.78E-10	1096	3.05E-07	0.00018876	4.56E-05	-264868	2.73E+02	3.15E+02	2.57E-01	-0.192861	0.0299722
Neutrophils	ENSG00000054219.11	LY75	7361	chr2_159906700_T_C	2.91E-10	1004	2.92E-07	0.00018779	4.98E-05	1944	1.66E+02	188	1.53E-01	0.271204	0.0421956
GMP	ENSG00000204387.14	SNHG32	22752	chr6_31467549_G_T	2.98E-10	2052	6.11E-07	0.0020041	2.44E-05	-367059	4.10E+01	42	3.42E-02	0.552932	0.0860799
Megakaryocytes	ENSG00000249203.2		5987	chr5_44518260_A_G	3.05E-10	614	1.87E-07	0.00156561	8.14E-05	-140309	419	543	0.442182	0.200573	0.0312443
CMP	ENSG00000286219.1	NOTCH2NLC	2531	chr1_150025836_C_A	3.11E-10	408	1.27E-07	0.00070659	0.00012255	635222	56	59	0.0480456	0.57837	0.0901385
Erythrocytes	ENSG00000146414.16	SHPRH	6934	chr6_145872092_A_G	3.28E-10	914	3.00E-07	0.00033409	5.47E-05	-92331	3.69E+02	442	3.60E-01	-0.147977	0.0230939
HSC	ENSG00000119335.17	SET	7557	chr9_129320091_G_C	3.52E-10	1701	5.99E-07	0.00333743	2.94E-05	636667	106	116	0.0944625	-0.148914	0.0232826
aDC	ENSG00000111261.14	MANSC1	8255	chr12_12909325_G_A	3.59E-10	1905	6.83E-07	0.00570544	2.62E-05	559083	67	71	0.0578176	-0.286722	0.0448489
Neutrophils	ENSG00000166971.17	AKTIP	8407	chr16_53484458_C_G	3.73E-10	1626	6.06E-07	0.00034907	3.08E-05	-19953	3.95E+02	494	4.02E-01	0.188208	0.0294687
Monocytes	ENSG00000147416.11	ATP6V1B2	10859	chr8_20336026_C_A	3.87E-10	2216	8.58E-07	0.00179091	2.26E-05	138645	57	57	0.0464169	-0.414929	0.065031
Erythrocytes	ENSG00000042317.17	SPATA7	8821	chr14_88396185_G_A	3.96E-10	1418	5.61E-07	0.00052073	3.53E-05	11261	437	569	0.463355	-0.259326	0.040667
Erythrocytes	ENSG00000090615.15	GOLGA3	6876	chr12_132865498_G_A	4.10E-10	1349	5.53E-07	0.00052073	3.71E-05	36420	40	42	0.034202	0.544464	0.0854586
GMP	ENSG00000100227.18	POLDIP3	9031	chr22_41843934_T_C	4.10E-10	1755	7.20E-07	0.0020041	2.85E-05	-771028	2.08E+02	2.39E+02	1.95E-01	-0.263525	0.041364
Monocytes	ENSG00000167528.12	ZNF641	7807	chr12_48267809_C_T	4.42E-10	1269	5.61E-07	0.00152582	3.94E-05	-83605	245	276	0.224756	0.132781	0.0208827
CD8..T.cells	ENSG00000100890.16	PRORP	7836	chr14_35125597_A_G	4.50E-10	1346	6.05E-07	0.00126457	3.71E-05	3751	219	238	0.193811	-0.331113	0.052098
aDC	ENSG00000143409.15	MINDY1	6076	chr1_150226014_T_G	4.54E-10	818	3.71E-07	0.00570544	6.11E-05	-782361	48	50	0.0407166	0.250742	0.0394615
CD4..T.cells	ENSG00000145390.11	USP53	8264	chr4_119100572_ATTC_A	4.60E-10	1197	5.51E-07	0.0015339	4.18E-05	-112064	35	36	0.029316	-0.65925	0.103789
GMP	ENSG00000156738.18	MS4A1	7751	chr11_60962649_G_A	4.76E-10	1141	5.43E-07	0.0020041	4.38E-05	506803	4.40E+01	45	3.66E-02	0.228959	0.0360781
Monocytes	ENSG00000234426.3		7943	chr6_88443758_C_T	4.91E-10	1302	6.39E-07	0.00152582	3.84E-05	830	274	307	0.25	-0.204686	0.0322793
GMP	ENSG00000169018.6	FEM1B	6858	chr15_68023102_C_G	5.25E-10	1153	6.05E-07	0.0020041	4.34E-05	-254643	3.30E+01	34	2.77E-02	-0.740778	0.117028
iDC	ENSG00000131018.24	SYNE1	8919	chr6_153578073_C_T	5.31E-10	1471	7.80E-07	0.00260789	3.40E-05	940272	1.00E+02	102	8.31E-02	-0.21311	0.0336761
Neutrophils	ENSG00000135953.11	MFSD9	7804	chr2_102728291_A_G	5.36E-10	1077	5.77E-07	0.00034454	4.64E-05	-8597	2.80E+02	321	2.61E-01	-0.22029	0.0348202
NK.cells	ENSG00000036448.10	MYOM2	13746	chr8_2135500_T_A	5.56E-10	3240	1.80E-06	0.00271663	1.54E-05	90454	325	384	0.312704	0.247206	0.0391121
Eosinophils	ENSG00000135220.11	UGT2A3	9584	chr4_68864659_G_A	5.89E-10	995	5.87E-07	0.00307523	5.03E-05	-87145	310	359	0.292345	0.247666	0.0392452
Neutrophils	ENSG00000197766.8	CFD	8381	chr19_859368_G_T	6.20E-10	2675	1.66E-06	0.00084381	1.87E-05	-296	2.88E+02	331	2.70E-01	0.161463	0.0256194
Neutrophils	ENSG00000104177.18	MYEF2	6770	chr15_48313387_G_A	6.42E-10	1223	7.85E-07	0.0004231	4.09E-05	135034	1.14E+02	121	9.85E-02	0.38374	0.0609446
CD8..T.cells	ENSG00000135953.11	MFSD9	7774	chr2_102733348_A_G	6.44E-10	1071	6.89E-07	0.00127977	4.67E-05	-3540	278	318	0.258958	-0.223645	0.0355213
Erythrocytes	ENSG00000126858.18	RHOT1	7349	chr17_32798454_G_GT	6.53E-10	1378	8.99E-07	0.00075719	3.63E-05	656000	31	33	0.026873	0.450289	0.0715455
CD8..T.cells	ENSG00000172340.14	SUCLG2	9465	chr3_67072087_A_C	6.92E-10	1536	1.06E-06	0.00177554	3.26E-05	-582527	35	36	0.029316	-0.785153	0.124944
Eosinophils	ENSG00000175582.19	RAB6A	6858	chr11_73673582_A_G	7.08E-10	1040	7.36E-07	0.00307523	4.81E-05	-87555	50	50	0.0407166	0.538036	0.0856721
Th2.cells	ENSG00000171843.16	MLLT3	8243	chr9_20421221_G_A	7.35E-10	1476	1.08E-06	0.00906359	3.39E-05	-201297	38	39	0.031759	-0.528228	0.0841946
Neutrophils	ENSG00000136161.12	RCBTB2	7458	chr13_48411169_C_G	7.45E-10	1020	7.60E-07	0.00042307	4.90E-05	-122087	4.30E+01	45	3.66E-02	-0.474221	0.0756129
Tregs	ENSG00000156738.18	MS4A1	7729	chr11_60602275_G_A	7.67E-10	1139	8.74E-07	0.01033549	4.39E-05	146429	59	62	0.0504886	-0.195838	0.0312506
Erythrocytes	ENSG00000181873.13	IBA57	7651	chr1_228206178_G_A	7.93E-10	1143	9.06E-07	0.00075719	4.37E-05	40374	1.63E+02	181	1.47E-01	0.369395	0.0589975
Mast.cells	ENSG00000230649.3		7504	chr7_136031035_T_C	8.36E-10	1106	9.24E-07	0.0051481	4.52E-05	5318	419	540	0.439739	0.246424	0.0394129
iDC	ENSG00000091181.19	IL5RA	12078	chr3_3245933_C_T	8.67E-10	2711	2.35E-06	0.00560976	1.84E-05	119320	3.80E+01	40	3.26E-02	-0.358807	0.0574436
CLP	ENSG00000100227.18	POLDIP3	9007	chr22_43219224_A_G	9.17E-10	1767	1.62E-06	0.00541286	2.83E-05	604262	47	48	0.0390879	0.530886	0.0851206
Mast.cells	ENSG00000100097.12	LGALS1	8386	chr22_37594921_TGTGTGCGTGTGTGTGCACGC_T	9.72E-10	1857	1.81E-06	0.0056498	2.69E-05	-80715	43	44	0.0358306	0.437535	0.0702643
iDC	ENSG00000131584.19	ACAP3	6483	chr1_1013673_C_G	1.07E-09	1499	1.60E-06	0.00445176	3.34E-05	-294257	1.51E+02	1.63E+02	1.33E-01	-0.336762	0.0542168
Tregs	ENSG00000162909.18	CAPN2	7644	chr1_223546623_T_C	1.08E-09	1144	1.24E-06	0.01033549	4.37E-05	-154970	47	49	0.0399023	0.396246	0.0638176
CMP	ENSG00000132155.12	RAF1	8783	chr3_11733144_G_A	1.09E-09	1680	1.83E-06	0.0076579	2.98E-05	-931082	50	54	0.0439739	-0.240111	0.0386807
NK.cells	ENSG00000100603.14	SNW1	8977	chr14_77326481_G_C	1.12E-09	1744	1.95E-06	0.00271663	2.87E-05	-434726	125	134	0.109121	-0.247482	0.0398951
Platelets	ENSG00000120868.14	APAF1	7129	chr12_97652054_C_T	1.14E-09	1281	1.46E-06	0.00405886	3.90E-05	-993236	40	41	0.0333876	-0.419515	0.0676586
CLP	ENSG00000100030.15	MAPK1	8599	chr22_22111768_C_T	1.21E-09	1615	1.95E-06	0.00542974	3.10E-05	244088	60	62	0.0504886	0.250099	0.0404008
Basophils	ENSG00000100227.18	POLDIP3	9005	chr22_42770015_G_C	1.23E-09	1733	2.13E-06	0.00712964	2.89E-05	155053	80	88	0.0716612	0.368973	0.0596355
Megakaryocytes	ENSG00000156738.18	MS4A1	7640	chr11_60962649_G_A	1.25E-09	1131	1.42E-06	0.00790073	4.42E-05	506803	44	45	0.036645	-0.261243	0.0422451
NK.cells	ENSG00000080546.13	SESN1	7417	chr6_108996185_A_G	1.28E-09	1097	1.41E-06	0.00271663	4.56E-05	-98634	82	89	0.0724756	-0.360099	0.0582657
Basophils	ENSG00000241973.11	PI4KA	6154	chr22_20321689_G_A	1.29E-09	1450	1.88E-06	0.00712964	3.45E-05	-537728	48	50	0.0407166	-0.286966	0.0464439
NK.cells	ENSG00000101474.12	APMAP	9251	chr20_25118422_G_A	1.37E-09	1151	1.57E-06	0.00271663	4.34E-05	125671	30	33	0.026873	-0.357321	0.0579183
Macrophages	ENSG00000135828.11	RNASEL	7786	chr1_182402719_C_T	1.38E-09	1102	1.52E-06	0.00844096	4.54E-05	-186537	37	39	0.031759	0.492135	0.0797835
Mast.cells	ENSG00000103056.12	SMPD3	5571	chr16_67557928_TTTTG_T	1.38E-09	656	9.05E-07	0.0051481	7.62E-05	-890580	41	45	0.036645	-0.345489	0.0560144
Neutrophils	ENSG00000105939.13	ZC3HAV1	8601	chr7_139125680_A_G	1.40E-09	1874	2.62E-06	0.00125016	2.67E-05	15960	2.29E+02	265	2.16E-01	-0.201457	0.0326739
CD8..T.cells	ENSG00000115421.13	PAPOLG	6394	chr2_59895819_T_C	1.43E-09	1118	1.60E-06	0.00242466	4.47E-05	-860447	39	40	0.0325733	0.414035	0.0671913
NK.cells	ENSG00000188559.15	RALGAPA2	7122	chr20_21403458_T_G	1.44E-09	1309	1.89E-06	0.00271663	3.82E-05	690814	60	63	0.0513029	-0.237817	0.0386054
Neutrophils	ENSG00000145725.19	PPIP5K2	8725	chr5_103114872_C_G	1.56E-09	1160	1.81E-06	0.000887	4.31E-05	-5277	3.91E+02	488	3.97E-01	-0.184814	0.0300637
Neutrophils	ENSG00000110047.18	EHD1	6133	chr11_63980613_T_C	1.58E-09	1057	1.67E-06	0.00084381	4.73E-05	-907683	2.84E+02	319	2.60E-01	0.166739	0.0271333
Mast.cells	ENSG00000107789.16	MINPP1	6524	chr10_87411571_C_T	1.74E-09	1168	2.03E-06	0.0056498	4.28E-05	-93304	54	55	0.0447883	0.259967	0.0424181
Mast.cells	ENSG00000175582.19	RAB6A	6709	chr11_73673582_A_G	1.76E-09	1028	1.81E-06	0.0056498	4.86E-05	-87555	50	50	0.0407166	0.529596	0.0864427
GMP	ENSG00000140995.16	DEF8	5387	chr16_89558606_G_C	1.77E-09	1200	2.12E-06	0.00507172	4.17E-05	-389319	46	49	3.99E-02	0.237954	0.0388471
GMP	ENSG00000188321.13	ZNF559	9229	chr19_9163671_T_G	1.80E-09	1710	3.08E-06	0.00620193	2.92E-05	-160101	3.80E+01	4.10E+01	3.34E-02	0.681425	0.111298
CLP	ENSG00000105063.19	PPP6R1	12469	chr19_55290883_C_T	1.87E-09	3376	6.30E-06	0.01119504	1.48E-05	31866	58	61	0.0496743	-0.279792	0.0457447
Erythrocytes	ENSG00000273295.1		9433	chr22_23924860_C_T	1.91E-09	1897	3.62E-06	0.00274628	2.64E-05	17792	400	501	0.40798	-0.186589	0.0305242
NK.cells	ENSG00000125430.9	HS3ST3B1	10667	chr17_14166141_C_T	2.17E-09	2144	4.65E-06	0.00597918	2.33E-05	-134940	429	553	0.450326	-0.218265	0.0358361
Th2.cells	ENSG00000106070.20	GRB10	8108	chr7_50739934_C_T	2.28E-09	1213	2.77E-06	0.01155537	4.12E-05	-53528	87	93	0.0757329	0.430749	0.0708222
CMP	ENSG00000142453.12	CARM1	7829	chr19_10245359_G_A	2.71E-09	1541	4.17E-06	0.01394433	3.24E-05	-626194	37	37	0.0301303	-0.38775	0.0640634
Monocytes	ENSG00000136100.14	VPS36	6185	chr13_52433764_G_A	2.78E-09	997	2.77E-06	0.0051448	5.02E-05	-16870	175	192	0.156352	0.200155	0.0330938
NK.cells	ENSG00000078747.15	ITCH	5181	chr20_34466180_A_AT	2.80E-09	677	1.90E-06	0.00271663	7.39E-05	102939	426	554	0.45114	0.151595	0.0250705
CLP	ENSG00000063177.13	RPL18	10004	chr19_48680126_G_A	2.82E-09	1936	5.46E-06	0.01119504	2.58E-05	60945	61	62	0.0504886	0.197298	0.0326343
Tregs	ENSG00000185101.13	ANO9	5726	chr11_185327_A_G	2.87E-09	1174	3.36E-06	0.01405115	4.26E-05	-256684	40	41	0.0333876	0.633711	0.104869
Neutrophils	ENSG00000116679.16	IVNS1ABP	6789	chr1_185422494_T_G	2.92E-09	1035	3.03E-06	0.0014045	4.83E-05	105221	2.08E+02	2.26E+02	1.84E-01	0.192454	0.0318666
Mast.cells	ENSG00000185658.13	BRWD1	10023	chr21_39984113_G_A	2.93E-09	1932	5.65E-06	0.00858823	2.59E-05	662554	156	169	0.137622	-0.190576	0.0315565
B.cells	ENSG00000213445.10	SIPA1	6132	chr11_66387476_A_G	2.95E-09	954	2.81E-06	0.00939569	5.24E-05	749375	64	66	0.0537459	0.339995	0.0563094
HSC	ENSG00000108298.11	RPL19	6525	chr17_39203800_C_T	3.12E-09	1164	3.63E-06	0.0151616	4.30E-05	3517	36	36	0.029316	-0.209041	0.0346768
Erythrocytes	ENSG00000167325.15	RRM1	11781	chr11_4240025_C_T	3.21E-09	2367	7.60E-06	0.00507733	2.11E-05	145318	359	429	0.349349	0.179463	0.0297949
Tregs	ENSG00000130429.15	ARPC1B	6062	chr7_98654654_C_T	3.39E-09	969	3.28E-06	0.01405115	5.16E-05	-719595	43	45	0.036645	-0.268862	0.0447061
Mast.cells	ENSG00000076662.10	ICAM3	7896	chr19_10006379_C_T	3.41E-09	1381	4.71E-06	0.00843908	3.62E-05	-333262	49	51	0.0415309	-0.312755	0.0520158
Th2.cells	ENSG00000010319.7	SEMA3G	5406	chr3_53172503_G_A	3.41E-09	737	2.52E-06	0.01155537	6.78E-05	727400	42	43	0.0350163	-0.915608	0.15228
B.cells	ENSG00000118308.15	IRAG2	8162	chr12_25178450_C_T	3.48E-09	1463	5.09E-06	0.01193212	3.42E-05	174108	142	146	0.118893	-0.139595	0.0232296
Erythrocytes	ENSG00000075914.13	EXOSC7	7079	chr3_44237686_C_T	3.50E-09	1090	3.82E-06	0.00277304	4.59E-05	-737555	1.17E+02	133	1.08E-01	0.347967	0.0579157
Erythrocytes	ENSG00000136152.15	COG3	7299	chr13_45534093_C_T	3.50E-09	1419	4.96E-06	0.00345601	3.52E-05	69195	431	544	0.442997	0.217909	0.0362677
GMP	ENSG00000196189.13	SEMA4A	5831	chr1_155569751_G_T	3.62E-09	924	3.34E-06	0.00620193	5.41E-05	-577615	37	38	3.09E-02	-0.495805	0.0825978
CD4..T.cells	ENSG00000118181.11	RPS25	7351	chr11_119012581_C_CCTTT	3.68E-09	1193	4.39E-06	0.01046731	4.19E-05	-6097	257	293	0.238599	-0.181233	0.0302067
Basophils	ENSG00000120071.14	KANSL1	4300	chr17_45841285_C_G	3.71E-09	882	3.27E-06	0.00910178	5.67E-05	-384104	30	32	0.0260586	0.56824	0.0947325
aDC	ENSG00000188559.15	RALGAPA2	7076	chr20_20344155_C_G	3.72E-09	1286	4.78E-06	0.02662949	3.89E-05	-368489	40	40	0.0325733	0.298375	0.0497475
CLP	ENSG00000110075.14	PPP6R3	9049	chr11_68432866_G_A	3.77E-09	1639	6.18E-06	0.01119504	3.05E-05	-27865	99	105	0.0855049	-0.194551	0.0324499
Th2.cells	ENSG00000188559.15	RALGAPA2	7122	chr20_21449210_G_A	3.83E-09	1297	4.96E-06	0.0165853	3.86E-05	736566	56	58	0.0472313	0.232554	0.0388057
CD4..T.cells	ENSG00000126858.18	RHOT1	7291	chr17_32185259_C_T	3.89E-09	1367	5.31E-06	0.01109753	3.66E-05	42805	46	48	0.0390879	-0.293418	0.048984
HSC	ENSG00000204614.9	TRIM40	16837	chr6_30112497_G_A	4.01E-09	1739	6.98E-06	0.01684233	2.88E-05	-23627	41	41	0.0333876	-0.957603	0.160011
Monocytes	ENSG00000154153.13	RETREG1	8452	chr5_16638486_G_T	4.02E-09	1596	6.41E-06	0.01071337	3.13E-05	21428	181	192	0.156352	0.286144	0.0478155
HSC	ENSG00000100104.13	SRRD	9612	chr22_26444511_C_T	4.05E-09	2420	9.81E-06	0.01821145	2.07E-05	-39366	38	38	0.0309446	0.30723	0.0513524
CLP	ENSG00000089685.15	BIRC5	10516	chr17_78577076_A_T	4.10E-09	2508	1.03E-05	0.01430588	1.99E-05	362890	85	89	0.0724756	-0.45819	0.0766084
B.cells	ENSG00000112182.15	BACH2	6962	chr6_90340831_A_G	4.27E-09	1346	5.74E-06	0.01193212	3.71E-05	43923	254	291	0.236971	-0.112	0.0187485
Tregs	ENSG00000117632.23	STMN1	6879	chr1_24916085_C_T	4.28E-09	1190	5.09E-06	0.01700381	4.20E-05	-990906	207	226	0.184039	0.251614	0.0421219
Mast.cells	ENSG00000175463.12	TBC1D10C	7188	chr11_68333888_C_T	4.29E-09	1178	5.05E-06	0.00843908	4.24E-05	929973	268	303	0.246743	-0.155268	0.025995
Macrophages	ENSG00000166446.15	CDYL2	13365	chr16_81066297_T_G	4.43E-09	2629	1.16E-05	0.03888736	1.90E-05	261699	38	38	0.0309446	0.77807	0.130386
HSC	ENSG00000150907.10	FOXO1	7788	chr13_40194186_C_T	4.47E-09	1365	6.10E-06	0.01684233	3.66E-05	-472455	77	80	0.0651466	-0.215948	0.0361978
Erythrocytes	ENSG00000184939.16	ZFP90	5719	chr16_68533266_T_C	4.48E-09	745	3.34E-06	0.00265826	6.71E-05	3176	266	312	0.254072	-0.163852	0.0274681
Mast.cells	ENSG00000137076.21	TLN1	6760	chr9_35835268_C_A	4.57E-09	1046	4.78E-06	0.00843908	4.78E-05	103073	36	37	0.0301303	0.19511	0.0327263
Neutrophils	ENSG00000124256.15	ZBP1	9741	chr20_57948426_C_T	4.60E-09	2563	1.18E-05	0.00468558	1.95E-05	327850	3.40E+02	415	3.38E-01	-0.202411	0.0339563
GMP	ENSG00000138801.9	PAPSS1	6816	chr4_107687987_A_C	4.71E-09	990	4.66E-06	0.0077852	5.05E-05	-32247	6.50E+01	6.90E+01	5.62E-02	-0.314304	0.0527643
Tregs	ENSG00000100603.14	SNW1	8970	chr14_78018035_A_T	4.83E-09	1737	8.39E-06	0.02337541	2.88E-05	256828	37	39	0.031759	-0.479735	0.0805986
Mast.cells	ENSG00000109103.12	UNC119	4951	chr17_28472227_A_G	4.85E-09	841	4.08E-06	0.00843908	5.95E-05	-80404	40	41	0.0333876	-0.424778	0.071372
Megakaryocytes	ENSG00000132274.16	TRIM22	12114	chr11_5748119_T_G	4.87E-09	2040	9.93E-06	0.04147619	2.45E-05	58422	58	58	0.0472313	0.307657	0.0516993
Neutrophils	ENSG00000014123.10	UFL1	7699	chr6_96595149_C_G	5.12E-09	939	4.81E-06	0.00217047	5.32E-05	73554	4.27E+02	549	4.47E-01	-0.128054	0.0215503
Platelets	ENSG00000156738.18	MS4A1	7649	chr11_59941735_G_C	5.12E-09	1143	5.85E-06	0.01396434	4.37E-05	-514111	48	49	0.0399023	0.239667	0.0403337
Neutrophils	ENSG00000132274.16	TRIM22	12275	chr11_5340233_C_A	5.19E-09	2076	1.08E-05	0.0043907	2.41E-05	-349464	3.80E+01	38	3.09E-02	0.431571	0.072659
Erythrocytes	ENSG00000166377.20	ATP9B	9973	chr18_79135796_C_T	5.40E-09	2047	1.10E-05	0.00691497	2.44E-05	66511	256	289	0.235342	0.23385	0.0394162
Eosinophils	ENSG00000136068.15	FLNB	7182	chr3_57960041_T_C	5.48E-09	1015	5.56E-06	0.01859533	4.93E-05	-48359	440	568	0.462541	-0.205717	0.0346905
CLP	ENSG00000277589.1		5829	chr17_37685518_A_G	5.63E-09	1434	8.08E-06	0.01226874	3.49E-05	686920	271	314	0.2557	-0.326557	0.0551119
B.cells	ENSG00000156738.18	MS4A1	7699	chr11_60602275_G_A	5.68E-09	1132	6.43E-06	0.01193212	4.42E-05	146429	59	62	0.0504886	-0.188971	0.0318996
HSC	ENSG00000232774.8	LINC03033	8193	chr14_62547139_A_C	5.79E-09	1394	8.06E-06	0.01684233	3.59E-05	976734	220	247	0.20114	0.409396	0.069147
Th2.cells	ENSG00000090615.15	GOLGA3	6852	chr12_132437246_G_A	5.97E-09	1343	8.01E-06	0.02231708	3.72E-05	-391832	83	85	0.0692182	0.448024	0.0757409
Monocytes	ENSG00000112531.17	QKI	9976	chr6_163126171_T_G	6.22E-09	1780	1.11E-05	0.01540349	2.81E-05	-287829	42	42	0.034202	-0.370735	0.0627507
Neutrophils	ENSG00000121691.7	CAT	8965	chr11_34415584_G_GT	6.28E-09	1613	1.01E-05	0.00422829	3.10E-05	-23350	1.83E+02	200	1.63E-01	0.204204	0.0345736
Neutrophils	ENSG00000096717.12	SIRT1	7793	chr10_67880665_A_C	6.39E-09	1044	6.67E-06	0.0029321	4.79E-05	-3991	3.58E+02	439	3.57E-01	-0.198188	0.0335726
Macrophages	ENSG00000160613.13	PCSK7	8429	chr11_118115537_T_C	6.65E-09	1656	1.10E-05	0.03888736	3.02E-05	883012	137	141	0.114821	0.201298	0.0341401
CD8..T.cells	ENSG00000136161.12	RCBTB2	7417	chr13_48464853_T_C	6.68E-09	1011	6.75E-06	0.0093973	4.95E-05	-68403	47	50	0.0407166	0.612998	0.103977
HSC	ENSG00000135828.11	RNASEL	7693	chr1_182639296_A_G	6.88E-09	1077	7.41E-06	0.01684233	4.64E-05	50040	37	38	0.0309446	0.465862	0.0790911
CD8..T.cells	ENSG00000139826.6	ABHD13	9945	chr13_108275401_T_C	6.99E-09	1920	1.34E-05	0.01494503	2.60E-05	57009	38	40	0.0325733	0.409472	0.06955
CD4..T.cells	ENSG00000215790.7	SLC35E2A	7827	chr1_1209452_A_G	7.02E-09	1830	1.29E-05	0.02025619	2.73E-05	-536547	201	217	0.17671	-0.29051	0.0493511
NK.cells	ENSG00000119318.13	RAD23B	8378	chr9_108215274_C_A	7.05E-09	1606	1.13E-05	0.01112711	3.11E-05	932137	29	32	0.0260586	-0.399968	0.0679535
Platelets	ENSG00000163191.6	S100A11	7965	chr1_152911145_T_A	7.08E-09	1036	7.33E-06	0.01530951	4.83E-05	863238	58	60	0.0488599	0.291623	0.0495515
Eosinophils	ENSG00000076662.10	ICAM3	7974	chr19_10190716_G_A	7.13E-09	1403	1.00E-05	0.02786583	3.56E-05	-148925	72	74	0.0602606	-0.214692	0.0364883
CLP	ENSG00000158201.10	ABHD3	5316	chr18_21268078_C_G	7.31E-09	917	6.70E-06	0.01119504	5.45E-05	-436696	100	108	0.0879479	0.287093	0.0488288
Basophils	ENSG00000067064.11	IDI1	9159	chr10_378285_A_T	7.40E-09	1903	1.41E-05	0.02615473	2.63E-05	-670885	61	66	0.0537459	-0.34153	0.0581104
CMP	ENSG00000214756.8	CSKMT	7498	chr11_62879741_C_T	7.46E-09	1252	9.34E-06	0.02439111	3.99E-05	214432	40	43	0.0350163	-0.498873	0.0849018
NK.cells	ENSG00000075426.12	FOSL2	7352	chr2_28929518_T_G	7.49E-09	1307	9.79E-06	0.01073188	3.83E-05	537070	70	76	0.0618892	0.185624	0.031594
Neutrophils	ENSG00000128951.14	DUT	6773	chr15_48305317_C_A	7.58E-09	1154	8.75E-06	0.00374777	4.33E-05	-25694	1.19E+02	126	1.03E-01	0.274503	0.0467391
CLP	ENSG00000272663.1	PPP1R21-DT	8225	chr2_48862531_A_T	7.64E-09	1535	1.17E-05	0.0150679	3.26E-05	421934	364	443	0.360749	0.333197	0.0567456
HSC	ENSG00000163848.19	ZNF148	10160	chr3_125932474_C_T	7.84E-09	1432	1.12E-05	0.01875407	3.49E-05	557120	417	550	0.447883	-0.0891972	0.0152027
Neutrophils	ENSG00000198178.10	CLEC4C	9584	chr12_7751515_T_G	7.89E-09	1882	1.48E-05	0.00539168	2.66E-05	-90	4.06E+02	509	4.14E-01	0.222132	0.0378672
HSC	ENSG00000185800.12	DMWD	8379	chr19_45602338_C_T	8.03E-09	1743	1.40E-05	0.0209198	2.87E-05	-190507	269	312	0.254072	-0.257309	0.0438871
B.cells	ENSG00000234423.2	LINC01250	10118	chr2_3151693_G_A	8.09E-09	2076	1.68E-05	0.02361261	2.41E-05	25667	176	195	0.158795	0.313187	0.0534307
Neutrophils	ENSG00000112531.17	QKI	9884	chr6_163405178_G_A	8.09E-09	1731	1.40E-05	0.00520202	2.89E-05	-8822	9.20E+01	100	8.14E-02	0.170269	0.0290486
GMP	ENSG00000081059.20	TCF7	7024	chr5_133579013_C_G	8.36E-09	1421	1.19E-05	0.01803821	3.52E-05	-535668	1.75E+02	184	1.50E-01	-0.143281	0.024468
Neutrophils	ENSG00000135116.9	HRK	7903	chr12_116889787_T_C	8.40E-09	1913	1.61E-05	0.00559056	2.61E-05	8346	4.30E+02	561	4.57E-01	0.197605	0.0337496
Neutrophils	ENSG00000110811.20	P3H3	8818	chr12_6818119_C_T	8.41E-09	1846	1.55E-05	0.00552016	2.71E-05	-10288	7.60E+01	77	6.27E-02	0.599859	0.102458
CD8..T.cells	ENSG00000145725.19	PPIP5K2	8716	chr5_103120600_A_G	8.54E-09	1142	9.75E-06	0.01252903	4.38E-05	451	395	494	0.40228	0.177515	0.0303337
Mast.cells	ENSG00000100227.18	POLDIP3	9081	chr22_43522246_G_A	8.84E-09	1787	1.58E-05	0.01886322	2.80E-05	907284	39	39	0.031759	-0.539648	0.0923137
Erythrocytes	ENSG00000277214.1		13945	chr16_79742262_T_C	8.86E-09	3031	2.68E-05	0.01319047	1.65E-05	138690	37	38	0.0309446	0.683022	0.116844
NK.cells	ENSG00000198756.12	COLGALT2	7616	chr1_183966219_A_G	8.94E-09	1126	1.01E-05	0.01073188	4.44E-05	-71510	414	529	0.430782	0.191122	0.0327045
CD4..T.cells	ENSG00000152894.14	PTPRK	8017	chr6_127993459_A_C	8.97E-09	1120	1.01E-05	0.01866006	4.46E-05	-527215	37	42	0.034202	0.335472	0.0574121
CLP	ENSG00000120063.10	GNA13	8136	chr17_64460542_C_G	9.11E-09	1409	1.28E-05	0.01519806	3.55E-05	-596198	153	170	0.138436	0.187685	0.0321349
Tregs	ENSG00000256751.6	PLBD1-AS1	8146	chr12_15038207_G_A	9.11E-09	1225	1.12E-05	0.02663913	4.08E-05	470814	49	49	0.0399023	-0.584226	0.100029
CD8..T.cells	ENSG00000167674.15	HDGFL2	8793	chr19_3707603_G_C	9.28E-09	2153	2.00E-05	0.01590078	2.32E-05	-764694	75	76	0.0618892	-0.320551	0.0549148
CD8..T.cells	ENSG00000188559.15	RALGAPA2	7117	chr20_20991043_G_A	9.47E-09	1292	1.22E-05	0.01459418	3.87E-05	278399	40	40	0.0325733	0.317384	0.0544045
Neutrophils	ENSG00000100462.16	PRMT5	9515	chr14_22941845_C_G	9.63E-09	1969	1.90E-05	0.00646551	2.54E-05	12437	3.56E+02	431	3.51E-01	0.201706	0.0345938
Basophils	ENSG00000127481.15	UBR4	8738	chr1_18996521_T_A	9.80E-09	1776	1.74E-05	0.02777908	2.82E-05	-213745	47	51	0.0415309	0.232177	0.0398405
Monocytes	ENSG00000166479.10	TMX3	9950	chr18_69039618_T_C	9.82E-09	1603	1.57E-05	0.01879455	3.12E-05	324510	201	223	0.181596	-0.168384	0.0288963
iDC	ENSG00000188186.10	LAMTOR4	5385	chr7_100196681_C_T	9.94E-09	877	8.72E-06	0.01820506	5.70E-05	47774	3.30E+01	33	2.69E-02	-0.394294	0.0676888
Tregs	ENSG00000108506.12	INTS2	6559	chr17_61576365_T_C	9.98E-09	1352	1.35E-05	0.02818832	3.70E-05	-351651	69	73	0.0594463	0.421488	0.0723669
NK.cells	ENSG00000171522.6	PTGER4	8884	chr5_41412636_G_A	1.02E-08	1011	1.03E-05	0.01073188	4.95E-05	732721	221	244	0.198697	-0.267888	0.0460202
Basophils	ENSG00000163191.6	S100A11	8012	chr1_152807465_A_G	1.04E-08	1031	1.07E-05	0.02559038	4.85E-05	759558	77	84	0.0684039	0.260951	0.0448597
NK.cells	ENSG00000175166.17	PSMD2	8483	chr3_184037242_G_A	1.05E-08	1568	1.65E-05	0.01533028	3.19E-05	-261956	53	55	0.0447883	-0.316997	0.0545157
Mast.cells	ENSG00000248049.7	UBA6-DT	8001	chr4_67616687_G_C	1.07E-08	1040	1.11E-05	0.01543234	4.81E-05	-84522	208	233	0.189739	0.240777	0.0414227
B.cells	ENSG00000115257.15	PCSK4	9962	chr19_2247087_C_T	1.08E-08	2875	3.09E-05	0.02907274	1.74E-05	756335	209	230	0.187296	-0.412409	0.0709711
Eosinophils	ENSG00000131018.24	SYNE1	8942	chr6_153528209_A_AAT	1.09E-08	1459	1.59E-05	0.03806464	3.43E-05	890408	67	69	0.0561889	-0.221143	0.0380744
Monocytes	ENSG00000205133.12	TRIQK	6199	chr8_92991371_A_C	1.10E-08	983	1.08E-05	0.01540349	5.09E-05	-26302	323	396	0.322476	-0.181201	0.0312037
CD8..T.cells	ENSG00000137642.13	SORL1	7591	chr11_121933947_G_A	1.11E-08	1509	1.68E-05	0.01556304	3.31E-05	481633	68	73	0.0594463	-0.12025	0.020714
Platelets	ENSG00000143390.17	RFX5	5945	chr1_151077602_C_T	1.11E-08	810	9.00E-06	0.01669986	6.17E-05	-269755	79	85	0.0692182	0.238944	0.0411594
Erythrocytes	ENSG00000236617.2	CHFR-DT	6639	chr12_132580883_A_G	1.12E-08	1291	1.44E-05	0.00860729	3.87E-05	-306959	216	247	0.20114	0.395196	0.0680873
HSC	ENSG00000048140.18	TSPAN17	6263	chr5_176742344_A_G	1.12E-08	1432	1.61E-05	0.0209198	3.49E-05	94957	38	38	0.0309446	0.634329	0.109308
Monocytes	ENSG00000173801.17	JUP	7937	chr17_41790773_T_C	1.12E-08	1174	1.31E-05	0.01683496	4.26E-05	3842	255	286	0.232899	-0.225439	0.0388386
CD4..T.cells	ENSG00000163328.13	GPR155	6709	chr2_174504856_G_GTCTT	1.20E-08	1165	1.40E-05	0.02025619	4.29E-05	17762	40	41	0.0333876	-0.467592	0.0807475
Megakaryocytes	ENSG00000164096.13	C4orf3	8490	chr4_118927102_T_A	1.21E-08	1216	1.47E-05	0.04536312	4.11E-05	-377343	36	37	0.0301303	-0.553617	0.0956088
B.cells	ENSG00000135486.18	HNRNPA1	7328	chr12_55146278_G_A	1.23E-08	1257	1.55E-05	0.02361261	3.98E-05	866085	34	35	0.0285016	0.247392	0.0427508
CLP	ENSG00000230649.3		7587	chr7_136031035_T_C	1.24E-08	1102	1.36E-05	0.01519806	4.54E-05	5318	419	540	0.439739	-0.228186	0.0394381
CMP	ENSG00000162909.18	CAPN2	7553	chr1_223539371_T_C	1.24E-08	1116	1.39E-05	0.02893996	4.48E-05	-162222	51	52	0.0423453	0.348042	0.0601584
Basophils	ENSG00000152601.17	MBNL1	7715	chr3_152902889_G_A	1.25E-08	1118	1.40E-05	0.02615473	4.47E-05	659061	48	49	0.0399023	0.295701	0.0511217
iDC	ENSG00000135605.13	TEC	6033	chr4_48292169_T_C	1.25E-08	797	9.96E-06	0.01848965	6.27E-05	22331	3.98E+02	497	4.05E-01	0.203199	0.0351296
Monocytes	ENSG00000266213.1		11377	chr18_78218593_C_A	1.27E-08	2368	3.02E-05	0.02917239	2.11E-05	81370	249	278	0.226384	-0.395793	0.068467
CD8..T.cells	ENSG00000147416.11	ATP6V1B2	10869	chr8_20173516_G_A	1.33E-08	2228	2.97E-05	0.0206688	2.24E-05	-23865	34	35	0.0285016	0.311179	0.0539045
B.cells	ENSG00000186141.9	POLR3C	1668	chr1_145872010_A_G	1.34E-08	366	4.91E-06	0.01193212	0.00013661	47922	65	65	0.0529316	-0.426	0.0738076
Neutrophils	ENSG00000196247.11	ZNF107	7866	chr7_64366962_G_A	1.36E-08	930	1.26E-05	0.00490335	5.38E-05	-299121	3.98E+02	503	4.10E-01	0.218891	0.0379391
CD8..T.cells	ENSG00000145730.20	PAM	9225	chr5_102782303_C_T	1.37E-08	1109	1.51E-05	0.01523249	4.51E-05	28322	469	611	0.497557	-0.153062	0.0265345
Erythrocytes	ENSG00000213918.10	DNASE1	8758	chr16_3605175_T_C	1.37E-08	1843	2.52E-05	0.01275589	2.71E-05	-6553	125	136	0.110749	0.295136	0.0511659
Basophils	ENSG00000163382.12	NAXE	7524	chr1_156518804_C_G	1.41E-08	1293	1.83E-05	0.02777908	3.87E-05	-72958	39	40	0.0325733	-0.577533	0.10023
CD4..T.cells	ENSG00000163191.6	S100A11	8010	chr1_151581829_G_A	1.41E-08	1034	1.45E-05	0.02025619	4.84E-05	-466078	33	34	0.0276873	-0.384105	0.0666498
CLP	ENSG00000237772.2	LINC02631	8243	chr2_138537464_C_A	1.45E-08	1040	1.51E-05	0.01577194	4.81E-05	-64135	51	53	0.0431596	0.402991	0.0699959
Th2.cells	ENSG00000135046.14	ANXA1	7380	chr9_73634891_T_C	1.47E-08	1108	1.63E-05	0.03885079	4.51E-05	483026	128	136	0.110749	0.268706	0.0466884
Erythrocytes	ENSG00000104447.12	TRPS1	7091	chr8_114974949_A_G	1.48E-08	1048	1.55E-05	0.00895575	4.77E-05	-834724	397	495	0.403094	-0.136032	0.0236431
Erythrocytes	ENSG00000118181.11	RPS25	7386	chr11_118992043_C_T	1.48E-08	1234	1.82E-05	0.01007476	4.05E-05	-26635	155	172	0.140065	0.193228	0.0335799
Neutrophils	ENSG00000229117.9	RPL41	6563	chr12_56691627_G_A	1.49E-08	934	1.40E-05	0.00520202	5.35E-05	575037	3.80E+01	38	3.09E-02	0.27097	0.0471072
B.cells	ENSG00000120868.14	APAF1	7093	chr12_98809951_A_G	1.54E-08	1291	1.99E-05	0.02373458	3.87E-05	164661	38	39	0.031759	0.396843	0.069055
Megakaryocytes	ENSG00000144228.9	SPOPL	8237	chr2_138537464_C_A	1.55E-08	1048	1.63E-05	0.04536312	4.77E-05	35694	51	53	0.0431596	-0.147767	0.0257203
CD8..T.cells	ENSG00000100523.16	DDHD1	8256	chr14_53154492_C_T	1.56E-08	1242	1.94E-05	0.01590078	4.03E-05	1169	43	46	0.0374593	-0.311592	0.0542434
CMP	ENSG00000177239.15	MAN1B1	7974	chr9_137261816_C_A	1.58E-08	1798	2.83E-05	0.0414112	2.78E-05	174831	47	48	0.0390879	0.418479	0.0728719
NK.cells	ENSG00000161542.17	PRPSAP1	9087	chr17_76685517_T_C	1.58E-08	1910	3.02E-05	0.0252482	2.62E-05	300996	50	52	0.0423453	0.694915	0.121024
iDC	ENSG00000116017.11	ARID3A	8612	chr19_920706_G_A	1.59E-08	2721	4.32E-05	0.04506524	1.84E-05	-5075	6.00E+01	60	4.89E-02	-0.285236	0.0496794
CMP	ENSG00000236499.2	LINC00896	7628	chr22_20156103_C_T	1.61E-08	1807	2.90E-05	0.0414112	2.77E-05	-50294	283	320	0.260586	-0.330584	0.0576012
CMP	ENSG00000135486.18	HNRNPA1	7422	chr12_54527352_C_T	1.63E-08	1279	2.08E-05	0.03861831	3.91E-05	247159	58	59	0.0480456	-0.176444	0.0307555
Neutrophils	ENSG00000066427.24	ATXN3	8909	chr14_91917317_G_A	1.63E-08	1596	2.60E-05	0.00805495	3.13E-05	-189304	2.38E+02	274	2.23E-01	-0.260846	0.0454715
Mast.cells	ENSG00000100104.13	SRRD	9632	chr22_26444511_C_T	1.64E-08	2407	3.95E-05	0.03880788	2.08E-05	-39366	38	38	0.0309446	0.353797	0.0616861
B.cells	ENSG00000175582.19	RAB6A	6737	chr11_73974441_G_T	1.65E-08	1028	1.70E-05	0.02361261	4.86E-05	213304	52	54	0.0439739	-0.48413	0.0844251
CMP	ENSG00000112996.11	MRPS30	5804	chr5_45607602_G_T	1.66E-08	614	1.02E-05	0.02439111	8.14E-05	798655	50	50	0.0407166	0.403133	0.0703199
CLP	ENSG00000247624.6	CPEB2-DT	8597	chr4_14952446_A_G	1.67E-08	1519	2.54E-05	0.02359753	3.29E-05	-49599	111	120	0.0977199	-0.439729	0.0767169
Erythrocytes	ENSG00000189180.16	ZNF33A	6278	chr10_38445436_A_G	1.72E-08	651	1.12E-05	0.00691497	7.68E-05	434786	62	65	0.0529316	-0.201333	0.0351532
GMP	ENSG00000155158.20	TTC39B	10378	chr9_15268993_G_A	1.73E-08	2116	3.65E-05	0.04358078	2.36E-05	-38367	114	124	1.01E-01	0.251862	0.0439832
GMP	ENSG00000132274.16	TRIM22	12098	chr11_6281220_T_C	1.73E-08	2050	3.56E-05	0.04358078	2.44E-05	591523	7.80E+01	80	6.51E-02	-0.225533	0.0393916
B.cells	ENSG00000101096.20	NFATC2	8860	chr20_52202714_T_A	1.75E-08	1767	3.09E-05	0.02907274	2.83E-05	639883	371	447	0.364007	0.0998125	0.0174381
CMP	ENSG00000113269.14	RNF130	9911	chr5_179489599_G_A	1.75E-08	2154	3.76E-05	0.04187084	2.32E-05	-582514	61	62	0.0504886	-0.220453	0.0385119
CD8..T.cells	ENSG00000138031.14	ADCY3	5231	chr2_24880577_T_C	1.76E-08	879	1.55E-05	0.01523249	5.69E-05	-39262	89	96	0.0781759	-0.471428	0.0823823
Neutrophils	ENSG00000078114.18	NEBL	7963	chr10_21212378_C_G	1.77E-08	1327	2.35E-05	0.00784614	3.77E-05	38191	4.41E+02	592	4.82E-01	0.152327	0.0266221
HSC	ENSG00000126934.14	MAP2K2	9096	chr19_3965345_G_A	1.80E-08	2270	4.08E-05	0.03590385	2.20E-05	-158777	123	129	0.105049	0.243038	0.0424977
CLP	ENSG00000188056.12	TREML4	8619	chr6_41229268_C_G	1.83E-08	1610	2.95E-05	0.02530361	3.11E-05	929	267	311	0.253257	0.269472	0.0471491
Basophils	ENSG00000068724.17	TTC7A	8973	chr2_45968696_C_A	1.84E-08	2006	3.70E-05	0.04412821	2.49E-05	-947461	49	50	0.0407166	-0.315296	0.0551754
Neutrophils	ENSG00000174231.17	PRPF8	9566	chr17_2531300_A_AC	1.87E-08	2283	4.26E-05	0.01206332	2.19E-05	846433	3.30E+01	34	2.77E-02	0.308701	0.0540421
Mast.cells	ENSG00000067064.11	IDI1	9173	chr10_1244074_C_G	1.90E-08	1916	3.64E-05	0.03880788	2.61E-05	194904	39	40	0.0325733	0.489923	0.0858155
Neutrophils	ENSG00000123983.14	ACSL3	8256	chr2_223314233_G_C	1.90E-08	1341	2.54E-05	0.00805495	3.73E-05	453291	39	41	3.34E-02	-0.4044	0.0708327
CLP	ENSG00000273295.1		9506	chr22_23924767_A_C	1.92E-08	1909	3.66E-05	0.02659758	2.62E-05	17699	349	420	0.34202	-0.12919	0.0226361
NK.cells	ENSG00000132155.12	RAF1	8615	chr3_12786247_T_G	1.92E-08	1672	3.21E-05	0.0255337	2.99E-05	122021	43	45	0.036645	-0.330795	0.0579619
CD4..T.cells	ENSG00000119318.13	RAD23B	8348	chr9_107991744_T_G	1.93E-08	1599	3.08E-05	0.0367539	3.13E-05	708607	37	38	0.0309446	0.339418	0.0594792
GMP	ENSG00000143416.21	SELENBP1	5939	chr1_151646312_A_G	1.98E-08	797	1.58E-05	0.02193357	6.27E-05	273605	6.40E+01	65	5.29E-02	-0.244909	0.0429529
Tregs	ENSG00000145390.11	USP53	8273	chr4_119098608_C_T	1.98E-08	1197	2.36E-05	0.04389596	4.18E-05	-114028	34	35	0.0285016	-0.580763	0.101854
Neutrophils	ENSG00000106392.11	C1GALT1	11186	chr7_7181796_G_C	2.00E-08	2392	4.79E-05	0.01335229	2.09E-05	24862	3.51E+02	425	3.46E-01	0.138378	0.0242799
NK.cells	ENSG00000170365.10	SMAD1	6312	chr4_145486528_C_CT	2.00E-08	985	1.97E-05	0.017355	5.08E-05	5334	404	502	0.408795	0.147394	0.0258615
HSC	ENSG00000143390.17	RFX5	5965	chr1_151011029_T_A	2.01E-08	809	1.63E-05	0.0209198	6.18E-05	-336328	44	45	0.036645	0.37206	0.0652898
B.cells	ENSG00000063177.13	RPL18	10013	chr19_47883974_C_T	2.04E-08	1934	3.94E-05	0.03465377	2.59E-05	-735207	31	32	0.0260586	0.242991	0.0426577
Basophils	ENSG00000196636.8	SDHAF3	8440	chr7_96527493_T_A	2.07E-08	1332	2.76E-05	0.03840184	3.75E-05	-590205	271	302	0.245928	-0.306008	0.053748
Platelets	ENSG00000144228.9	SPOPL	8219	chr2_138537464_C_A	2.10E-08	1063	2.23E-05	0.03725127	4.70E-05	35694	51	53	0.0431596	-0.14316	0.0251553
CD8..T.cells	ENSG00000153214.11	TMEM87B	6034	chr2_111709620_C_T	2.13E-08	1142	2.43E-05	0.01843188	4.38E-05	-345649	71	74	0.0602606	0.56486	0.0992956
HSC	ENSG00000018280.17	SLC11A1	7945	chr2_218233643_A_C	2.13E-08	1372	2.92E-05	0.0315726	3.64E-05	-148526	33	34	0.0276873	0.350952	0.061694
Monocytes	ENSG00000196597.13	ZNF782	7273	chr9_96901564_G_A	2.14E-08	1074	2.30E-05	0.02565199	4.66E-05	25941	122	130	0.105863	0.306441	0.0538841
CLP	ENSG00000177463.15	NR2C2	8582	chr3_15311814_G_A	2.23E-08	1429	3.18E-05	0.02530361	3.50E-05	364230	72	75	0.0610749	0.289555	0.0509753
Mast.cells	ENSG00000198625.13	MDM4	8520	chr1_204350371_A_C	2.23E-08	1760	3.92E-05	0.03880788	2.84E-05	-166008	379	473	0.385179	-0.0702282	0.0123639
Th2.cells	ENSG00000153029.14	MR1	7689	chr1_181104265_C_G	2.25E-08	1187	2.67E-05	0.0474005	4.21E-05	70840	358	429	0.349349	-0.205382	0.0361683
Basophils	ENSG00000143013.13	LMO4	7326	chr1_87058777_G_A	2.29E-08	1349	3.09E-05	0.03972879	3.71E-05	-270103	353	426	0.346906	-0.209543	0.0369239
CLP	ENSG00000144228.9	SPOPL	8286	chr2_138332089_G_A	2.30E-08	1056	2.43E-05	0.02359753	4.73E-05	-169681	40	42	0.034202	0.289101	0.050952
Monocytes	ENSG00000122218.16	COPA	7569	chr1_160322839_C_G	2.31E-08	1359	3.14E-05	0.02917239	3.68E-05	-20434	110	117	0.0952769	0.179435	0.0316278
iDC	ENSG00000171843.16	MLLT3	8279	chr9_20708218_G_C	2.35E-08	1478	3.48E-05	0.04149192	3.38E-05	85700	4.30E+01	43	3.50E-02	0.57996	0.102281
Neutrophils	ENSG00000250510.8	GPR162	8790	chr12_6818119_C_T	2.35E-08	1808	4.25E-05	0.01206332	2.77E-05	-3585	7.60E+01	77	6.27E-02	0.58244	0.102717
Neutrophils	ENSG00000133321.11	PLAAT4	6574	chr11_63232362_T_A	2.36E-08	1034	2.44E-05	0.00798615	4.84E-05	-304446	6.20E+01	66	5.37E-02	0.186715	0.0329312
CLP	ENSG00000197930.13	ERO1A	8656	chr14_52697146_G_C	2.40E-08	1316	3.16E-05	0.02530361	3.80E-05	1246	192	207	0.168567	0.155187	0.027387
CD8..T.cells	ENSG00000184939.16	ZFP90	5701	chr16_68552074_T_TA	2.42E-08	743	1.80E-05	0.01584045	6.73E-05	21984	267	315	0.256515	0.162763	0.0287326
CLP	ENSG00000275560.1		8229	chr12_13099764_T_G	2.42E-08	1894	4.58E-05	0.03061535	2.64E-05	380791	68	70	0.0570033	0.474751	0.0838016
Th2.cells	ENSG00000242880.2		6040	chr3_114404934_T_A	2.42E-08	1135	2.75E-05	0.0474005	4.41E-05	-742671	81	82	0.0667752	-0.660326	0.116562
Neutrophils	ENSG00000128973.13	CLN6	6931	chr15_68223098_T_C	2.48E-08	1167	2.90E-05	0.00880441	4.28E-05	-34033	3.52E+02	424	3.45E-01	0.248138	0.0438378
Erythrocytes	ENSG00000131051.24	RBM39	5950	chr20_35756162_C_T	2.49E-08	751	1.87E-05	0.01007476	6.66E-05	13850	114	124	0.100977	-0.152947	0.0270226
CLP	ENSG00000106460.19	TMEM106B	13022	chr7_12215885_G_A	2.50E-08	1918	4.79E-05	0.03080158	2.61E-05	4615	206	231	0.188111	-0.193807	0.0342462
CD8..T.cells	ENSG00000242485.6	MRPL20	6937	chr1_2151283_T_C	2.51E-08	1624	4.08E-05	0.02273604	3.08E-05	743990	166	175	0.142508	-0.306702	0.0542053
CD8..T.cells	ENSG00000177239.15	MAN1B1	7992	chr9_137105975_A_G	2.59E-08	1793	4.64E-05	0.02424512	2.79E-05	18990	36	39	0.031759	-0.407949	0.0721686
iDC	ENSG00000136068.15	FLNB	7250	chr3_57960041_T_C	2.60E-08	1035	2.69E-05	0.03934388	4.83E-05	-48359	4.40E+02	568	4.63E-01	-0.193924	0.0343107
Monocytes	ENSG00000145730.20	PAM	9117	chr5_102782303_C_T	2.61E-08	1109	2.89E-05	0.02917239	4.51E-05	28322	469	611	0.497557	0.156833	0.0277501
HSC	ENSG00000113575.10	PPP2CA	6965	chr5_134503580_C_T	2.65E-08	1430	3.79E-05	0.03519396	3.50E-05	277507	362	444	0.361564	0.121753	0.0215551
iDC	ENSG00000156639.12	ZFAND3	8076	chr6_37078369_A_C	2.66E-08	1516	4.03E-05	0.04490856	3.30E-05	-741358	9.90E+01	100	8.14E-02	0.251829	0.0445882
Monocytes	ENSG00000197930.13	ERO1A	8645	chr14_52697146_G_C	2.70E-08	1334	3.60E-05	0.0316372	3.75E-05	1246	192	207	0.168567	-0.167792	0.0297222
B.cells	ENSG00000214029.5	ZNF891	5958	chr12_132189489_G_C	2.73E-08	1148	3.13E-05	0.02907274	4.36E-05	-940984	291	336	0.273616	-0.141288	0.0250367
HSC	ENSG00000107789.16	MINPP1	6429	chr10_87392991_A_T	2.75E-08	1139	3.14E-05	0.0315726	4.39E-05	-111884	52	56	0.0456026	-0.219737	0.0389501
Neutrophils	ENSG00000135048.14	CEMIP2	7630	chr9_71749801_A_G	2.76E-08	1245	3.44E-05	0.01024959	4.02E-05	-66889	8.20E+01	85	6.92E-02	-0.259795	0.0460535
Th2.cells	ENSG00000278238.1	CKAP2-DT	6260	chr13_52051131_G_A	2.82E-08	1005	2.84E-05	0.0474005	4.98E-05	-404200	36	36	0.029316	0.643985	0.114242
iDC	ENSG00000276410.4	H2BC3	7767	chr6_25050403_C_T	2.83E-08	999	2.83E-05	0.03934388	5.01E-05	-993310	43	45	3.66E-02	0.410855	0.07289
CD8..T.cells	ENSG00000119318.13	RAD23B	8404	chr9_108192611_C_T	2.84E-08	1622	4.61E-05	0.02424512	3.08E-05	909474	52	56	0.0456026	0.273154	0.0484691
NK.cells	ENSG00000275560.1		8159	chr12_12472798_G_C	2.86E-08	1882	5.38E-05	0.04084906	2.66E-05	-246175	90	91	0.0741042	0.426662	0.0757198
B.cells	ENSG00000157734.14	SNX22	6630	chr15_63439443_T_G	2.99E-08	988	2.96E-05	0.02907274	5.06E-05	-712288	76	81	0.0659609	-0.257562	0.0457783
B.cells	ENSG00000040933.16	INPP4A	4956	chr2_97587072_G_A	3.05E-08	637	1.94E-05	0.02373458	7.85E-05	-857782	37	38	0.0309446	0.277953	0.0494328
HSC	ENSG00000079462.7	PAFAH1B3	7857	chr19_43120312_C_A	3.05E-08	1052	3.21E-05	0.0315726	4.75E-05	816766	47	49	0.0399023	0.555797	0.098847
HSC	ENSG00000250274.1		8251	chr5_170457632_T_G	3.06E-08	1535	4.70E-05	0.03738299	3.26E-05	144916	322	391	0.318404	0.322176	0.0573043
CD4..T.cells	ENSG00000146414.16	SHPRH	6877	chr6_144975314_A_AAC	3.11E-08	898	2.79E-05	0.03589759	5.57E-05	-989109	83	89	0.0724756	-0.242455	0.0431471
CD8..T.cells	ENSG00000178607.16	ERN1	6442	chr17_64066984_C_A	3.13E-08	1158	3.63E-05	0.02246	4.32E-05	-63835	192	215	0.175081	-0.153493	0.0273223
Eosinophils	ENSG00000140265.12	ZSCAN29	4642	chr15_43420139_A_G	3.15E-08	605	1.90E-05	0.03974283	8.26E-05	49114	137	147	0.119707	-0.284721	0.0506872
CD4..T.cells	ENSG00000076662.10	ICAM3	7961	chr19_10649762_AATAG_A	3.18E-08	1398	4.44E-05	0.04733083	3.58E-05	310121	71	74	0.0602606	-0.246488	0.0438946
CD8..T.cells	ENSG00000134256.12	CD101	7215	chr1_117020960_T_C	3.22E-08	1200	3.86E-05	0.02273604	4.17E-05	19210	261	298	0.242671	0.214101	0.0381439
Monocytes	ENSG00000100890.16	PRORP	7761	chr14_35132881_T_G	3.22E-08	1315	4.24E-05	0.03418416	3.80E-05	11035	219	238	0.193811	0.283906	0.0505812
CMP	ENSG00000138772.13	ANXA3	8420	chr4_79192998_A_C	3.29E-08	1096	3.61E-05	0.04187084	4.56E-05	641251	36	37	0.0301303	-0.257783	0.0459613
iDC	ENSG00000127946.17	HIP1	4840	chr7_75617379_A_G	3.30E-08	845	2.79E-05	0.03934388	5.92E-05	-121583	3.08E+02	363	2.96E-01	0.148975	0.0265627
Monocytes	ENSG00000078114.18	NEBL	7946	chr10_21212378_C_G	3.31E-08	1298	4.30E-05	0.03418416	3.85E-05	38191	441	592	0.482085	0.149839	0.0267194
Monocytes	ENSG00000180776.15	ZDHHC20	9723	chr13_21455211_G_A	3.32E-08	2031	6.74E-05	0.04894972	2.46E-05	-4159	143	155	0.126221	0.204549	0.0364782
CD8..T.cells	ENSG00000135828.11	RNASEL	7701	chr1_182402719_C_T	3.33E-08	1082	3.60E-05	0.02246	4.62E-05	-186537	37	39	0.031759	-0.42676	0.0761135
CD8..T.cells	ENSG00000116478.12	HDAC1	5544	chr1_32217361_C_A	3.35E-08	847	2.84E-05	0.02059481	5.90E-05	-74722	215	244	0.198697	-0.136501	0.0243499
CD8..T.cells	ENSG00000229117.9	RPL41	6583	chr12_56771954_T_C	3.35E-08	941	3.15E-05	0.02106716	5.31E-05	655364	40	40	0.0325733	-0.278291	0.0496447
Erythrocytes	ENSG00000165533.18	TTC8	8773	chr14_89357077_T_G	3.35E-08	1588	5.32E-05	0.02337852	3.15E-05	532924	337	412	0.335505	-0.271123	0.0483651
Mast.cells	ENSG00000265491.5	RNF115	1666	chr1_145860159_A_G	3.36E-08	366	1.23E-05	0.01579448	0.00013661	36064	49	50	0.0407166	-0.392812	0.0700794
Erythrocytes	ENSG00000182446.14	NPLOC4	9538	chr17_81558634_A_G	3.39E-08	1858	6.30E-05	0.02631384	2.69E-05	-89831	439	565	0.460098	0.182053	0.0324895
Erythrocytes	ENSG00000249203.2		5962	chr5_44518260_A_G	3.40E-08	609	2.07E-05	0.01082378	8.21E-05	-140309	4.19E+02	543	4.42E-01	0.174308	0.0311112
CD8..T.cells	ENSG00000139055.7	ERP27	8050	chr12_14589708_A_G	3.41E-08	1176	4.01E-05	0.02273604	4.25E-05	-348829	44	46	0.0374593	-0.569285	0.101617
CD8..T.cells	ENSG00000101654.17	RNMT	9450	chr18_13189820_A_C	3.41E-08	1779	6.06E-05	0.02813704	2.81E-05	-536840	193	215	0.175081	-0.224832	0.0401306
CD8..T.cells	ENSG00000178573.7	MAF	13851	chr16_79165475_T_C	3.45E-08	3027	0.00010458	0.04293664	1.65E-05	-435262	357	449	0.365635	-0.203978	0.0364247
CMP	ENSG00000185480.11	PARPBP	7405	chr12_102427386_C_T	3.50E-08	1310	4.59E-05	0.04794302	3.82E-05	307201	52	53	0.0431596	-0.256976	0.04591
CMP	ENSG00000109103.12	UNC119	4936	chr17_28648366_T_G	3.54E-08	840	2.97E-05	0.0414112	5.95E-05	95735	48	49	0.0399023	-0.335726	0.0599994
CMP	ENSG00000136161.12	RCBTB2	7409	chr13_48511713_A_G	3.55E-08	1019	3.62E-05	0.04187084	4.91E-05	-21543	46	49	0.0399023	-0.452609	0.0808941
CLP	ENSG00000176105.14	YES1	8515	chr18_457867_G_A	3.59E-08	1861	6.67E-05	0.03447062	2.69E-05	-354679	152	163	0.132736	0.314166	0.0561692
GMP	ENSG00000143226.14	FCGR2A	7708	chr1_161506275_G_T	3.61E-08	1349	4.87E-05	0.0473348	3.71E-05	845	4.90E+01	5.30E+01	4.32E-02	-0.144979	0.0259268
HSC	ENSG00000160767.21	ENTREP3	5288	chr1_155095057_G_A	3.61E-08	891	3.21E-05	0.0315726	5.61E-05	-160426	77	79	0.0643322	-0.537339	0.096088
Erythrocytes	ENSG00000241560.7	ZBTB20-AS1	6230	chr3_114466692_G_A	3.65E-08	1054	3.85E-05	0.01787468	4.74E-05	114921	2.46E+02	272	2.21E-01	-0.258078	0.0461703
CLP	ENSG00000214922.9	HLA-F-AS1	15412	chr6_30242200_G_T	3.77E-08	1587	5.98E-05	0.03400228	3.15E-05	493207	39	41	0.0333876	0.713767	0.127822
Neutrophils	ENSG00000138617.15	PARP16	6650	chr15_65304882_C_T	3.78E-08	1119	4.22E-05	0.01206332	4.47E-05	4264	3.24E+02	400	3.26E-01	-0.232095	0.0415665
HSC	ENSG00000065243.20	PKN2	7357	chr1_88522891_A_G	3.88E-08	1123	4.36E-05	0.03644063	4.45E-05	-161331	54	54	0.0439739	-0.334182	0.059906
Neutrophils	ENSG00000105401.9	CDC37	7827	chr19_10968785_C_T	3.90E-08	1416	5.52E-05	0.01487824	3.53E-05	548664	3.30E+01	33	2.69E-02	0.306938	0.0550289
CD8..T.cells	ENSG00000128335.14	APOL2	8781	chr22_36800827_G_A	4.08E-08	1842	7.52E-05	0.03307673	2.71E-05	560873	288	345	0.280945	-0.123225	0.0221262
CLP	ENSG00000179085.8	DPM3	5251	chr1_155742854_C_T	4.10E-08	884	3.62E-05	0.02659758	5.66E-05	602259	179	206	0.167752	0.319207	0.0573219
CLP	ENSG00000089154.11	GCN1	7359	chr12_119301398_C_G	4.14E-08	1291	5.35E-05	0.03258505	3.87E-05	-893317	92	95	0.0773616	0.215459	0.0387063
iDC	ENSG00000134686.18	PHC2	6187	chr1_33577692_C_A	4.16E-08	1137	4.73E-05	0.0465204	4.40E-05	146640	54	61	4.97E-02	-0.163688	0.0294104
Mast.cells	ENSG00000127995.17	CASD1	6582	chr7_94012730_C_T	4.20E-08	1019	4.28E-05	0.03972445	4.91E-05	-496489	131	143	0.11645	0.212049	0.0381107
HSC	ENSG00000090615.15	GOLGA3	6799	chr12_132849832_C_T	4.22E-08	1351	5.70E-05	0.04331705	3.70E-05	20754	36	38	0.0309446	0.526246	0.0945963
Neutrophils	ENSG00000233429.9	HOTAIRM1	7641	chr7_27003404_C_T	4.24E-08	1379	5.85E-05	0.01551119	3.63E-05	-92243	2.64E+02	307	2.50E-01	0.197966	0.0355911
Neutrophils	ENSG00000127527.14	EPS15L1	9967	chr19_15865267_G_A	4.26E-08	1737	7.40E-05	0.01844963	2.88E-05	-606818	6.60E+01	68	5.54E-02	0.237732	0.0427465
Neutrophils	ENSG00000138964.17	PARVG	10955	chr22_44158208_A_T	4.28E-08	2903	0.00012434	0.02564802	1.72E-05	-14748	9.40E+01	97	7.90E-02	-0.300847	0.0541053
Erythrocytes	ENSG00000103549.21	RNF40	4586	chr16_30745953_G_A	4.32E-08	733	3.16E-05	0.01510226	6.82E-05	-15792	238	254	0.20684	-0.158716	0.0285512
Neutrophils	ENSG00000115421.13	PAPOLG	6282	chr2_60231775_G_A	4.34E-08	1125	4.88E-05	0.01337556	4.44E-05	-524491	7.80E+01	84	6.84E-02	-0.272362	0.0490041
GMP	ENSG00000162909.18	CAPN2	7641	chr1_223655502_T_C	4.48E-08	1139	5.10E-05	0.0473348	4.39E-05	-46091	3.60E+01	36	2.93E-02	-0.387383	0.0697708
GMP	ENSG00000164330.17	EBF1	7083	chr5_159433543_G_A	4.51E-08	1202	5.43E-05	0.0473348	4.16E-05	333627	5.60E+01	58	4.72E-02	-0.29892	0.0538528
Erythrocytes	ENSG00000116688.17	MFN2	7856	chr1_11993661_A_G	4.54E-08	1680	7.62E-05	0.02962188	2.98E-05	13480	2.90E+02	3.37E+02	2.74E-01	0.156566	0.0282115
CD4..T.cells	ENSG00000138434.17	ITPRID2	7260	chr2_181781014_A_G	4.56E-08	993	4.53E-05	0.04733083	5.04E-05	-110716	66	68	0.0553746	0.256733	0.0462695
NK.cells	ENSG00000076662.10	ICAM3	7968	chr19_9568672_C_T	4.60E-08	1401	6.45E-05	0.0431022	3.57E-05	-770969	36	36	0.029316	0.423133	0.0762803
Neutrophils	ENSG00000139289.13	PHLDA1	7507	chr12_75842711_GT_G	4.66E-08	1335	6.22E-05	0.01623455	3.75E-05	-191221	2.74E+02	313	2.55E-01	0.27218	0.0490867
NK.cells	ENSG00000062194.16	GPBP1	8305	chr5_57186820_G_A	4.66E-08	1278	5.96E-05	0.04196982	3.91E-05	12872	47	48	0.0390879	-0.272093	0.0490716
CLP	ENSG00000010803.16	SCMH1	6763	chr1_42092088_C_A	4.71E-08	1160	5.46E-05	0.03258505	4.31E-05	849972	40	40	0.0325733	-0.528706	0.0953839
GMP	ENSG00000245532.9	NEAT1	6353	chr11_65395116_A_G	4.74E-08	1038	4.92E-05	0.0473348	4.82E-05	-27658	52	53	4.32E-02	0.184456	0.0332856
NK.cells	ENSG00000167528.12	ZNF641	7722	chr12_48277208_A_T	4.86E-08	1241	6.03E-05	0.04196982	4.03E-05	-74206	247	278	0.226384	-0.122894	0.0221946
iDC	ENSG00000235881.2		3292	chr2_111641934_T_C	4.93E-08	665	3.28E-05	0.04149192	7.52E-05	925339	1.75E+02	195	1.59E-01	0.382956	0.0691948
Erythrocytes	ENSG00000107789.16	MINPP1	6462	chr10_87411571_C_T	4.99E-08	1138	5.67E-05	0.02430702	4.39E-05	-93304	54	55	0.0447883	-0.25066	0.0453086
CLP	ENSG00000171843.16	MLLT3	8258	chr9_20334686_C_T	5.02E-08	1474	7.41E-05	0.03535347	3.39E-05	-287832	34	35	0.0285016	-0.478929	0.0865923
GMP	ENSG00000153064.12	BANK1	8560	chr4_101736905_T_A	5.02E-08	1129	5.67E-05	0.0473348	4.43E-05	325619	3.10E+01	33	2.69E-02	-0.277114	0.0501015
HSC	ENSG00000164626.9	KCNK5	8239	chr6_39291553_G_A	5.02E-08	1351	6.78E-05	0.04530167	3.70E-05	62078	115	118	0.0960912	-0.487254	0.0880932
Neutrophils	ENSG00000226777.7	FAM30A	10390	chr14_105156226_C_G	5.07E-08	1884	9.55E-05	0.02175154	2.65E-05	-761753	5.00E+01	50	4.07E-02	0.406564	0.073531
CLP	ENSG00000119471.15	HSDL2	7266	chr9_112969964_A_T	5.10E-08	1196	6.11E-05	0.03400228	4.18E-05	589884	48	50	0.0407166	0.415597	0.0751817
Neutrophils	ENSG00000261087.1	ZNNT1	8748	chr8_100880757_T_C	5.10E-08	1702	8.68E-05	0.02090573	2.94E-05	-288872	3.16E+02	377	3.07E-01	-0.222056	0.0401683
Erythrocytes	ENSG00000156599.11	ZDHHC5	6889	chr11_58292321_A_G	5.11E-08	918	4.69E-05	0.02119107	5.45E-05	624574	441	585	0.476384	0.155627	0.0281543
GMP	ENSG00000014123.10	UFL1	7717	chr6_96441959_T_G	5.15E-08	939	4.84E-05	0.0473348	5.32E-05	-79636	2.07E+02	235	1.91E-01	0.146661	0.0265397
Neutrophils	ENSG00000109099.15	PMP22	10059	chr17_15412918_T_C	5.16E-08	1942	0.00010016	0.02202003	2.57E-05	147592	2.53E+02	2.85E+02	2.32E-01	-0.284731	0.0515257
CD8..T.cells	ENSG00000261069.3		12228	chr15_25191500_C_T	5.23E-08	2063	0.00010793	0.04293664	2.42E-05	103839	73	79	0.0643322	-0.47025	0.0851386
CD8..T.cells	ENSG00000272777.1		8082	chr4_99709916_G_A	5.30E-08	998	5.29E-05	0.0267814	5.01E-05	641791	331	408	0.332248	0.306234	0.0554679
Erythrocytes	ENSG00000101236.17	RNF24	9689	chr20_4107364_C_T	5.40E-08	2100	0.00011335	0.03787648	2.38E-05	91806	37	37	0.0301303	0.269053	0.0487633
HSC	ENSG00000130948.10	HSD17B3	7551	chr9_97079061_T_C	5.50E-08	1174	6.46E-05	0.04530167	4.26E-05	776885	114	122	0.0993485	-0.473453	0.0858656
Neutrophils	ENSG00000135932.11	CAB39	8903	chr2_230881267_G_A	5.51E-08	1590	8.76E-05	0.02090573	3.14E-05	168425	447	583	4.75E-01	0.0799328	0.0144969
Erythrocytes	ENSG00000171984.15	SHLD1	10113	chr20_5781364_C_T	5.56E-08	2173	0.00012078	0.03878406	2.30E-05	30971	32	35	0.0285016	-0.623409	0.113099
Neutrophils	ENSG00000107789.16	MINPP1	6496	chr10_87171400_A_G	5.69E-08	1151	6.55E-05	0.01683891	4.34E-05	-333475	5.50E+01	57	4.64E-02	0.291007	0.0528366
HSC	ENSG00000285269.2		7561	chr9_97079061_T_C	5.77E-08	1169	6.74E-05	0.04530167	4.28E-05	769963	114	122	0.0993485	-0.47602	0.0864671
CLP	ENSG00000272234.1		7319	chr5_43510586_G_A	5.97E-08	762	4.55E-05	0.03061535	6.56E-05	704192	43	43	0.0350163	-0.749081	0.136229
CLP	ENSG00000268069.2		8727	chr12_47728296_G_C	5.99E-08	1412	8.45E-05	0.03923548	3.54E-05	-56627	72	76	0.0618892	0.57581	0.104726
CLP	ENSG00000267080.6	ASB16-AS1	6322	chr17_43865423_G_A	6.00E-08	1134	6.81E-05	0.03447062	4.41E-05	-321300	94	98	0.0798046	0.375297	0.0682642
Erythrocytes	ENSG00000236948.2		10184	chr1_6130368_G_T	6.00E-08	2242	0.0001346	0.03878406	2.23E-05	462073	3.90E+01	40	3.26E-02	0.804447	0.146324
Monocytes	ENSG00000145390.11	USP53	8260	chr4_119007353_TGGAA_T	6.01E-08	1199	7.21E-05	0.04978243	4.17E-05	-205283	40	41	0.0333876	0.516856	0.0940171
Neutrophils	ENSG00000100034.14	PPM1F	8852	chr22_21967902_A_G	6.07E-08	1764	0.00010706	0.0232317	2.83E-05	15054	1.84E+02	202	1.64E-01	-0.121507	0.0221095
Erythrocytes	ENSG00000187735.14	TCEA1	8645	chr8_54018151_G_C	6.09E-08	1085	6.61E-05	0.02693184	4.61E-05	-4305	92	102	0.0830619	-0.176896	0.032192
Monocytes	ENSG00000164330.17	EBF1	7067	chr5_158327635_A_G	6.19E-08	1203	7.45E-05	0.04978243	4.16E-05	-772281	63	65	0.0529316	0.291188	0.0530208
Neutrophils	ENSG00000162909.18	CAPN2	7544	chr1_223539371_T_C	6.30E-08	1124	7.08E-05	0.01793058	4.45E-05	-162222	5.10E+01	5.20E+01	4.23E-02	0.396059	0.0721592
CLP	ENSG00000151650.8	VENTX	6184	chr10_133152650_A_G	6.35E-08	1388	8.82E-05	0.03982232	3.60E-05	-85205	43	43	0.0350163	-0.645123	0.11757
CD8..T.cells	ENSG00000054654.18	SYNE2	7370	chr14_63571877_G_A	6.52E-08	1117	7.28E-05	0.03288185	4.48E-05	-190022	364	440	0.358306	0.126865	0.0231406
Neutrophils	ENSG00000271383.7	NBPF19	2588	chr1_150018263_C_G	6.65E-08	388	2.58E-05	0.00805495	1.29E-04	542925	4.40E+01	47	3.83E-02	0.571906	0.104388
Erythrocytes	ENSG00000186952.15	TMEM232	9493	chr5_110617928_C_T	6.66E-08	1452	9.66E-05	0.03435466	3.44E-05	-121028	6.20E+01	64	5.21E-02	-0.564544	0.103048
CD8..T.cells	ENSG00000109103.12	UNC119	5028	chr17_29325803_A_G	6.73E-08	865	5.82E-05	0.02780538	5.78E-05	773172	46	46	0.0374593	0.328445	0.059976
Erythrocytes	ENSG00000178685.14	PARP10	8429	chr8_143879840_T_C	6.82E-08	1658	0.00011308	0.03787648	3.02E-05	-132932	157	168	0.136808	-0.170809	0.0312042
Neutrophils	ENSG00000026508.19	CD44	9149	chr11_35255435_T_G	6.88E-08	1647	0.00011325	0.0242581	3.04E-05	116565	1.65E+02	178	1.45E-01	0.149558	0.0273297
CLP	ENSG00000064933.18	PMS1	7428	chr2_189847411_G_A	6.97E-08	928	6.47E-05	0.03447062	5.39E-05	63326	281	327	0.266287	0.219367	0.0401045
Basophils	ENSG00000149182.15	ARFGAP2	4594	chr11_46257319_G_A	7.00E-08	593	4.15E-05	0.04624466	8.43E-05	-919806	57	57	0.0464169	-0.39671	0.0725382
Neutrophils	ENSG00000141030.13	COPS3	7128	chr17_17250692_C_T	7.03E-08	1264	8.88E-05	0.02090573	3.96E-05	-30581	2.10E+02	242	1.97E-01	-0.199293	0.0364454
Erythrocytes	ENSG00000214941.8	ZSWIM7	8146	chr17_16156737_G_C	7.23E-08	1509	0.00010916	0.03787648	3.31E-05	157020	92	95	0.0773616	0.43167	0.0790192
CD8..T.cells	ENSG00000188037.12	CLCN1	6206	chr7_142518045_G_C	7.37E-08	1119	8.24E-05	0.03531161	4.47E-05	-798066	458	601	0.489414	-0.288957	0.0529277
Erythrocytes	ENSG00000144228.9	SPOPL	8186	chr2_138503044_A_G	7.58E-08	1047	7.94E-05	0.03013471	4.78E-05	1274	6.30E+01	65	5.29E-02	-0.183863	0.033711
CLP	ENSG00000166986.15	MARS1	6049	chr12_58174549_G_A	7.83E-08	924	7.24E-05	0.03535347	5.41E-05	699104	124	137	0.111564	-0.187742	0.034461
Neutrophils	ENSG00000099139.14	PCSK5	9561	chr9_76280508_G_A	7.87E-08	1887	0.0001486	0.02886967	2.65E-05	389864	4.30E+01	44	3.58E-02	0.474177	0.0870542
Erythrocytes	ENSG00000128513.16	POT1	10048	chr7_125191987_C_T	8.06E-08	1059	8.54E-05	0.03162694	4.72E-05	262004	5.40E+01	5.80E+01	4.72E-02	0.361593	0.0664388
Neutrophils	ENSG00000133943.20	DGLUCY	8020	chr14_90536602_C_T	8.11E-08	1421	0.00011523	0.02437066	3.52E-05	-523731	2.08E+02	240	1.95E-01	-0.190495	0.0350085
Neutrophils	ENSG00000145390.11	USP53	8403	chr4_119098608_C_T	8.24E-08	1203	9.91E-05	0.02202003	4.16E-05	-114028	3.40E+01	35	2.85E-02	0.442693	0.0814014
Neutrophils	ENSG00000077984.6	CST7	9325	chr20_24951837_C_G	8.33E-08	1156	9.63E-05	0.02175154	4.33E-05	2568	1.75E+02	195	1.59E-01	-0.235175	0.0432604
Neutrophils	ENSG00000176871.8	WSB2	8581	chr12_118077425_A_C	8.36E-08	1865	0.00015589	0.02944152	2.68E-05	14995	4.56E+02	600	4.89E-01	0.202534	0.0372599
Neutrophils	ENSG00000219626.9	FAM228B	6180	chr2_24847951_G_A	8.49E-08	1039	8.82E-05	0.02090573	4.81E-05	771425	100	103	8.39E-02	0.248662	0.045771
Neutrophils	ENSG00000100330.16	MTMR3	6809	chr22_30328644_G_A	8.51E-08	1091	9.28E-05	0.0215458	4.58E-05	445475	4.10E+01	41	3.34E-02	-0.259953	0.0478531
Neutrophils	ENSG00000137818.12	RPLP1	7688	chr15_69642031_A_ACTT	8.57E-08	1699	0.00014563	0.02862484	2.94E-05	189217	4.10E+01	42	3.42E-02	0.326172	0.0600578
Neutrophils	ENSG00000261544.1		7207	chr15_65754091_T_C	8.97E-08	1313	0.00011782	0.02460689	3.81E-05	-13307	1.70E+02	185	1.51E-01	0.35809	0.0660399
Erythrocytes	ENSG00000152127.9	MGAT5	8218	chr2_134846227_T_C	8.98E-08	1438	0.00012912	0.03878406	3.48E-05	726244	1.14E+02	123	1.00E-01	-0.273444	0.0504305
Neutrophils	ENSG00000100422.14	CERK	11045	chr22_46866250_G_A	9.09E-08	2529	0.00022991	0.04086526	1.98E-05	127998	8.20E+01	83	6.76E-02	0.423769	0.0781881
Neutrophils	ENSG00000100519.12	PSMC6	8738	chr14_52697146_G_C	9.40E-08	1359	0.00012772	0.0260239	3.68E-05	-10032	1.92E+02	207	1.69E-01	-0.215799	0.0398625
CD8..T.cells	ENSG00000162909.18	CAPN2	7575	chr1_223109517_G_A	9.58E-08	1121	0.00010743	0.04293664	4.46E-05	-592076	62	64	0.0521173	-0.348709	0.0644576
CD8..T.cells	ENSG00000138279.16	ANXA7	5838	chr10_73636541_T_C	9.61E-08	603	5.79E-05	0.02780538	8.29E-05	222465	81	83	0.0675896	0.240047	0.0443755
Monocytes	ENSG00000038358.15	EDC4	4999	chr16_67819389_G_T	9.68E-08	584	5.66E-05	0.04295053	8.56E-05	-53663	44	46	0.0374593	0.287465	0.0531563
Neutrophils	ENSG00000169914.6	OTUD3	8083	chr1_19374023_G_T	9.81E-08	1539	0.00015103	0.02900495	3.25E-05	-508372	5.10E+01	5.30E+01	4.32E-02	-0.478186	0.0884642
Erythrocytes	ENSG00000253506.3	NACA2	6567	chr17_62448782_A_T	9.97E-08	1188	0.0001185	0.03878406	4.21E-05	857563	167	180	0.14658	0.411625	0.0761939
Erythrocytes	ENSG00000139197.10	PEX5	8587	chr12_6541933_C_T	9.98E-08	1839	0.0001836	0.04586326	2.72E-05	-646752	59	61	0.0496743	0.598226	0.110738
Erythrocytes	ENSG00000136758.18	YME1L1	9307	chr10_27213592_T_C	1.01E-07	1371	0.00013873	0.03878406	3.65E-05	58326	235	268	0.218241	0.135357	0.0250679
CLP	ENSG00000104147.9	OIP5	7293	chr15_41468168_A_G	1.02E-07	1092	0.00011085	0.04873804	4.58E-05	135577	42	44	0.0358306	-0.658931	0.122046
Erythrocytes	ENSG00000225331.1	LINC01678	8291	chr21_43205883_G_A	1.03E-07	1820	0.00018666	0.04586326	2.75E-05	-954193	38	39	0.031759	0.753744	0.139658
Erythrocytes	ENSG00000138640.15	FAM13A	7709	chr4_89008329_T_C	1.09E-07	1251	0.00013677	0.03878406	4.00E-05	-103069	1.21E+02	129	1.05E-01	0.313012	0.0581272
Erythrocytes	ENSG00000117036.12	ETV3	8746	chr1_157625829_T_G	1.11E-07	1507	0.00016729	0.04508251	3.32E-05	487355	3.90E+01	41	3.34E-02	0.358958	0.0666954
Neutrophils	ENSG00000178607.16	ERN1	6581	chr17_64066984_C_A	1.12E-07	1194	0.00013422	0.02694565	4.19E-05	-63835	1.92E+02	215	1.75E-01	0.137647	0.0255865
Erythrocytes	ENSG00000189306.11	RRP7A	8988	chr22_43064373_C_T	1.15E-07	1789	0.00020588	0.04777558	2.79E-05	544577	73	74	0.0602606	0.585933	0.109007
Erythrocytes	ENSG00000181751.10	MACIR	8434	chr5_102964869_C_T	1.18E-07	1150	0.0001357	0.03878406	4.35E-05	-293894	6.50E+01	68	5.54E-02	-0.457339	0.0851585
CD8..T.cells	ENSG00000101412.13	E2F1	6317	chr20_32895148_C_T	1.19E-07	965	0.00011444	0.04446559	5.18E-05	-791237	96	105	0.0855049	-0.43297	0.0806351
Erythrocytes	ENSG00000100612.14	DHRS7	6659	chr14_59756924_A_G	1.19E-07	734	8.71E-05	0.03162694	6.81E-05	-412932	60	61	0.0496743	-0.257326	0.0479241
Erythrocytes	ENSG00000162909.18	CAPN2	7676	chr1_223650671_A_G	1.20E-07	1156	0.00013928	0.03878406	4.33E-05	-50922	6.00E+01	60	4.89E-02	-0.356002	0.0663381
Neutrophils	ENSG00000174099.12	MSRB3	6563	chr12_66263893_T_C	1.21E-07	1116	0.00013547	0.02694565	4.48E-05	985250	4.70E+01	49	3.99E-02	0.567729	0.10582
Erythrocytes	ENSG00000197982.14	C1orf122	6936	chr1_38799128_A_T	1.28E-07	1359	0.00017381	0.04586326	3.68E-05	992149	3.18E+02	376	3.06E-01	-0.197619	0.0369029
Erythrocytes	ENSG00000119638.13	NEK9	7117	chr14_75258715_T_C	1.28E-07	1459	0.00018631	0.04586326	3.43E-05	131371	77	79	0.0643322	0.377031	0.070402
Erythrocytes	ENSG00000127720.8	METTL25	7300	chr12_82470545_TACAGGGCAGAAATGAAGAAG_T	1.29E-07	972	0.00012583	0.03878406	5.14E-05	112017	273	321	0.261401	-0.189861	0.0354694
Erythrocytes	ENSG00000115966.17	ATF2	6616	chr2_175434620_A_G	1.30E-07	1039	0.00013535	0.03878406	4.81E-05	266238	6.80E+01	73	5.94E-02	-0.232551	0.0434544
Neutrophils	ENSG00000254362.1		8717	chr8_27386199_C_T	1.34E-07	1378	0.00018498	0.03396238	3.63E-05	945708	4.52E+02	584	4.76E-01	-0.285629	0.0534298
Neutrophils	ENSG00000164823.11	OSGIN2	8962	chr8_89887642_G_A	1.34E-07	1174	0.00015683	0.02944152	4.26E-05	-14207	4.32E+02	5.45E+02	4.44E-01	-0.145386	0.0271912
Neutrophils	ENSG00000154310.17	TNIK	8328	chr3_171360720_G_C	1.43E-07	1561	0.00022318	0.04009548	3.20E-05	-99688	4.80E+01	50	4.07E-02	0.350396	0.0656932
Erythrocytes	ENSG00000168329.14	CX3CR1	8674	chr3_38569822_T_C	1.48E-07	1189	0.0001757	0.04586326	4.21E-05	-711913	3.50E+01	37	3.01E-02	-0.276882	0.0519722
Erythrocytes	ENSG00000120539.15	MASTL	9305	chr10_27155399_C_A	1.49E-07	1371	0.00020467	0.04777558	3.65E-05	575	457	610	0.496743	-0.108153	0.0203083
Erythrocytes	ENSG00000168028.14	RPSA	8488	chr3_40317615_T_C	1.54E-07	1166	0.00017979	0.04586326	4.29E-05	910895	1.10E+02	115	9.36E-02	0.14674	0.027586
Neutrophils	ENSG00000215114.10	UBXN2B	8232	chr8_58431590_T_C	1.61E-07	1282	0.00020652	0.03750558	3.90E-05	20231	3.23E+02	391	3.18E-01	0.0976669	0.0183897
Erythrocytes	ENSG00000287958.1		8676	chr3_39780008_C_T	1.68E-07	1208	0.00020238	0.04777558	4.14E-05	521814	5.20E+01	53	4.32E-02	0.580786	0.109511
Neutrophils	ENSG00000196743.9	GM2A	9156	chr5_151239432_C_T	1.81E-07	1551	0.00028053	0.04833399	3.22E-05	27282	1.68E+02	185	1.51E-01	0.185216	0.0350211
Erythrocytes	ENSG00000163328.13	GPR155	6737	chr2_173837653_G_A	1.85E-07	1176	0.00021799	0.04989374	4.25E-05	-649441	3.40E+01	35	2.85E-02	0.632376	0.119679
Erythrocytes	ENSG00000131374.14	TBC1D5	6129	chr3_17540727_T_G	1.85E-07	836	0.00015496	0.04244269	5.98E-05	-904090	2.17E+02	242	1.97E-01	0.231248	0.0437641
Erythrocytes	ENSG00000122484.9	RPAP2	6581	chr1_93016083_C_T	2.08E-07	957	0.00019944	0.04777558	5.22E-05	717024	2.01E+02	2.27E+02	1.85E-01	-0.167689	0.031872
Neutrophils	ENSG00000165417.12	GTF2A1	8247	chr14_81208019_T_C	2.10E-07	1145	0.00023994	0.04219841	4.37E-05	-13212	2.14E+02	240	1.95E-01	0.136022	0.0258583
Neutrophils	ENSG00000065243.20	PKN2	7283	chr1_88907563_A_G	2.53E-07	1107	0.00028061	0.04833399	4.52E-05	223341	56	58	4.72E-02	-0.269703	0.0516344
B.cells	ENSG00000234665.9	LERFS	653	chr9_63724095_G_C	2.64E-07	159	4.20E-05	0.03512028	0.00031447	826000	166	178	0.144951	0.418945	0.0803331
Neutrophils	ENSG00000286219.1	NOTCH2NLC	2471	chr1_150018263_C_G	4.22E-07	411	0.00017329	0.03216993	1.22E-04	627649	4.40E+01	4.70E+01	3.83E-02	0.449428	0.0877198
Erythrocytes	ENSG00000171943.12	SRGAP2C	993	chr1_120397852_A_G	4.86E-07	149	7.24E-05	0.02878214	3.36E-04	-786959	3.57E+02	435	3.54E-01	0.232168	0.0455638